0 .6975579218 .7412709106 .6687403050 .5149218e-3
.999451e-2 .6947350891 .7383743150 .6671504244 .577033e-4
.19989e-1 .6919083772 .7354180725 .6655205059 -.3546816e-3
.299835e-1 .6890351742 .7324006335 .6638490827 -.7635791e-3
.39978e-1 .6862686881 .7293204292 .6621346292 -.10145000e-2
.499725e-1 .6837019856 .7261758589 .6603755500 -.10130704e-2
.59967e-1 .6808651705 .7229652942 .6585701786 -.12278566e-2
.699615e-1 .6769942659 .7196870814 .6567167746 -.24214849e-2
.799561e-1 .6740834206 .7163395107 .6548135010 -.25984102e-2
.899506e-1 .6717354667 .7129209535 .6528584986 -.21544703e-2
.999451e-1 .6686465056 .7094296655 .6508497682 -.23921392e-2
.10994 .6653729557 .7058637804 .6487851601 -.27534744e-2
.119934 .6611857003 .7022220389 .6466627931 -.39665641e-2
.129929 .6588510004 .6985020188 .6444800184 -.32631691e-2
.139923 .6546147175 .6947027420 .6422349362 -.43966291e-2
.149918 .6507804299 .6908217395 .6399246669 -.50613495e-2
.159912 .6479711350 .6868581019 .6375471481 -.46335900e-2
.169907 .6434568681 .6828093822 .6350992848 -.58413171e-2
.179901 .6413034157 .6786747796 .6325788546 -.46180902e-2
.189896 .6380615393 .6744519110 .6299825493 -.44112015e-2
.19989 .6339419071 .6701401341 .6273079981 -.50094582e-2
.209885 .6298166740 .6657371819 .6245516932 -.55388541e-2
.219879 .6260729953 .6612426307 .6217111407 -.56118879e-2
.229874 .6226971624 .6566543936 .6187826632 -.52405637e-2
.239868 .6181282277 .6519723373 .6157636891 -.59857203e-2
.249863 .6134580152 .6471946300 .6126504251 -.67540377e-2
.259857 .6093378600 .6423215122 .6094402961 -.68943773e-2
.269852 .6061745729 .6373514949 .6061294795 -.59987121e-2
.279846 .6013337877 .6322852859 .6027155095 -.67019864e-2
.289841 .5989676982 .6271218366 .5991946658 -.48511500e-2
.299835 .5944239561 .6218624243 .5955647555 -.50995945e-2
.30983 .5891567021 .6165065458 .5918223498 -.59927680e-2
.319824 .5827795076 .6110561541 .5879657564 -.79186943e-2
.329819 .5807829729 .6055113984 .5839920973 -.53868949e-2
.339813 .5744807833 .5998750113 .5799004822 -.70859162e-2
.349808 .5701348678 .5941478958 .5756889214 -.67545665e-2
.359802 .5650448322 .5883336568 .5713577048 -.70961843e-2
.369797 .5600448914 .5824340369 .5669061415 -.72779777e-2
.379791 .5554311767 .5764535832 .5623361429 -.70075290e-2
.389786 .5497751814 .5703949368 .5576487764 -.77155020e-2
.39978 .5457092619 .5642636222 .5528480370 -.67740519e-2
.409775 .5410411909 .5580631978 .5479372013 -.63783122e-2
.419769 .5353091087 .5518001533 .5429227558 -.69954426e-2
.429764 .5307387410 .5454789325 .5378105329 -.64033466e-2
.439758 .5265343917 .5391069213 .5326097526 -.54037523e-2
.449753 .5220135866 .5326893588 .5273289253 -.46834127e-2
.459747 .5175441712 .5262343966 .5219799549 -.38811394e-2
.469742 .5117386843 .5197479190 .5165738105 -.43891995e-2
.479736 .5087329606 .5132386542 .5111246448 -.20788863e-2
.489731 .5050998703 .5067129278 .5056452667 -.3824957e-3
.499725 .4957216711 .5001798077 .5001512499 -.44251756e-2
.50972 .4935952217 .4936458182 .4946562758 -.12153958e-2
.519714 .4876545811 .4871200998 .4891762307 -.18265620e-2
.529709 .4818087005 .4806091147 .4837245212 -.23550008e-2
.539703 .4767880925 .4741218024 .4783161743 -.20775002e-2
.549698 .4727757863 .4676643082 .4729632318 -.8160499e-3
.559692 .4675046927 .4612451148 .4676788640 -.8446668e-3
.569687 .4609984527 .4548698240 .4624729307 -.21442849e-2
.579681 .4572432669 .4485462456 .4573560968 -.7350816e-3
.589676 .4516082252 .4422792583 .4523356114 -.12519514e-2
.59967 .4487178215 .4360758367 .4474193885 .9239034e-3
.609665 .4420803905 .4299400141 .4426120208 -.7024764e-3
.619659 .4367570812 .4238778288 .4379187744 -.10748732e-2
.629654 .4346746929 .4178924066 .4333418299 .17309596e-2
.639648 .4288121416 .4119888084 .4288841412 .6898047e-3
.649643 .4258952415 .4061692458 .4245458865 .25256702e-2
.659637 .4205646371 .4004378138 .4203281534 .18758561e-2
.669632 .4166411368 .3947958489 .4162295820 .25600795e-2
.679626 .4102432524 .3892465337 .4122498530 .6942529e-3
.689621 .4043089545 .3837904029 .4083865098 -.7840897e-3
.699615 .4026560149 .3784298084 .4046382406 .19409026e-2
.70961 .3979588311 .3731645778 .4010018701 .15437682e-2
.719604 .3922824041 .3679963317 .3974754366 .881845e-4
.729599 .3871104139 .3629242957 .3940553457 -.9415359e-3
.739594 .3848685125 .3579489721 .3907389246 .8798486e-3
.749588 .3808644776 .3530705702 .3875233653 .8599448e-3
.759583 .3768261405 .3482876121 .3844048458 .7277910e-3
.769577 .3737744922 .3436003496 .3813807924 .15041726e-2
.779572 .3692348937 .3390069592 .3784474096 .7159399e-3
.789566 .3646658682 .3345073167 .3756021247 -.1782826e-3
.799561 .3621483458 .3300993411 .3728412562 .9041347e-3
.809555 .3582555354 .3257826157 .3701623072 .5367411e-3
.81955 .3541779954 .3215548776 .3675617650 -.880570e-4
.829544 .3506414510 .3174154896 .3650372548 -.2440138e-3
.839539 .3472625399 .3133620709 .3625854628 -.3125475e-3
.849533 .3449194936 .3093938246 .3602041622 .5852244e-3
.859528 .3409987301 .3055083047 .3578902522 -.1622825e-3
.869522 .3375832492 .3017046042 .3556416659 -.4713278e-3
.879517 .3344810337 .2979802542 .3534555178 -.5319122e-3
.889511 .3312651409 .2943342782 .3513299037 -.7701811e-3
.899506 .3290199307 .2907642177 .3492621487 -.997665e-4
.9095 .3255051402 .2872690586 .3472505077 -.7601034e-3
.919495 .3219747695 .2838463786 .3452925074 -.14952132e-2
.929489 .3188513482 .2804951506 .3433865548 -.18817276e-2
.939484 .3175842067 .2772130077 .3415303663 -.4683832e-3
.949478 .3130147120 .2739989292 .3397224916 -.24129793e-2
.959473 .3091584936 .2708506172 .3379608242 -.36980098e-2
.969467 .3083169452 .2677670718 .3362440462 -.20212644e-2
.979462 .3055752252 .2647460735 .3345702148 -.22957721e-2
.989456 .3023027234 .2617866535 .3329381341 -.31513518e-2
