0.400069   0    -0    0.0482244    0.0482244    
0.400369   0    -0    0.0480824    0.0480824    
0.400668   0    -0    0.0479622    0.0479622    
0.400968   0    -0    0.0478239    0.0478239    
0.401267   0    -0    0.0476847    0.0476847    
0.401567   0    -0    0.0475683    0.0475683    
0.401866   0    -0    0.0474606    0.0474606    
0.402165   0    -0    0.0473204    0.0473204    
0.402465   0    -0    0.0471859    0.0471859    
0.402764   0    -0    0.0470667    0.0470667    
0.403064   0    -0    0.0469151    0.0469151    
0.403363   0    -0    0.046793    0.046793    
0.403663   0    -0    0.0466671    0.0466671    
0.403962   0    -0    0.0465336    0.0465336    
0.404262   0    -0    0.0463972    0.0463972    
0.404561   0    -0    0.0462551    0.0462551    
0.40486   0    -0    0.0461187    0.0461187    
0.40516   0    -0    0.0459919    0.0459919    
0.405459   0    -0    0.0458546    0.0458546    
0.405759   0    -0    0.0457125    0.0457125    
0.406058   0    -0    0.0455761    0.0455761    
0.406358   0    -0    0.0454235    0.0454235    
0.406657   0    -0    0.0452881    0.0452881    
0.406957   0    -0    0.0451431    0.0451431    
0.407256   0    -0    0.0450134    0.0450134    
0.407556   0    -0    0.0449047    0.0449047    
0.407855   0    -0    0.0447674    0.0447674    
0.408154   0    -0    0.044632    0.044632    
0.408454   0    -0    0.0444918    0.0444918    
0.408753   0    -0    0.0443497    0.0443497    
0.409053   0    -0    0.0442095    0.0442095    
0.409352   0    -0    0.0440731    0.0440731    
0.409652   0    -0    0.0439367    0.0439367    
0.409951   0    -0    0.0437918    0.0437918    
0.410251   0    -0    0.0436697    0.0436697    
0.41055   0    -0    0.0435343    0.0435343    
0.41085   0    -0    0.0434189    0.0434189    
0.411149   0    -0    0.0432825    0.0432825    
0.411448   0    -0    0.0431261    0.0431261    
0.411748   0    -0    0.0429888    0.0429888    
0.412047   0    -0    0.0428438    0.0428438    
0.412347   0    -0    0.0427122    0.0427122    
0.412646   0    -0    0.0425844    0.0425844    
0.412946   0    -0    0.0424452    0.0424452    
0.413245   0    -0    0.0423307    0.0423307    
0.413545   0    -0    0.0421915    0.0421915    
0.413844   0    -0    0.0420628    0.0420628    
0.414144   0    -0    0.0419159    0.0419159    
0.414443   0    -0    0.0417795    0.0417795    
0.414742   0    -0    0.0416317    0.0416317    
0.415042   0    -0    0.0414991    0.0414991    
0.415341   0    -0    0.0413542    0.0413542    
0.415641   0    -0    0.041214    0.041214    
0.41594   0    -0    0.0410767    0.0410767    
0.41624   0    -0    0.0409288    0.0409288    
0.416539   0    -0    0.0407801    0.0407801    
0.416839   0    -0    0.0406504    0.0406504    
0.417138   0    -0    0.0405169    0.0405169    
0.417438   0    -0    0.0403776    0.0403776    
0.417737   0    -0    0.0402594    0.0402594    
0.418036   0    -0    0.0401115    0.0401115    
0.418336   0    -0    0.0399752    0.0399752    
0.418635   0    -0    0.0398464    0.0398464    
0.418935   0    -0    0.039711    0.039711    
0.419234   0    -0    0.0395966    0.0395966    
0.419534   0    -0    0.0394278    0.0394278    
0.419833   0    -0    0.0392838    0.0392838    
0.420133   0    -0    0.0391483    0.0391483    
0.420432   0    -0    0.039012    0.039012    
0.420732   0    -0    0.0388708    0.0388708    
0.421031   0    -0    0.0387411    0.0387411    
0.42133   0    -0    0.0386047    0.0386047    
0.42163   0    -0    0.0384521    0.0384521    
0.421929   0    -0    0.0383081    0.0383081    
0.422229   0    -0    0.0381718    0.0381718    
0.422528   0    -0    0.038043    0.038043    
0.422828   0    -0    0.0379047    0.0379047    
0.423127   0    -0    0.0377703    0.0377703    
0.423427   0    -0    0.0376415    0.0376415    
0.423726   0    -0    0.0374994    0.0374994    
0.424026   0    -0    0.0373631    0.0373631    
0.424325   0    -0    0.0372248    0.0372248    
0.424624   0    -0    0.0370913    0.0370913    
0.424924   0    -0    0.0369596    0.0369596    
0.425223   0    -0    0.0368185    0.0368185    
0.425523   0    -0    0.0366707    0.0366707    
0.425822   0    -0    0.0365324    0.0365324    
0.426122   0    -0    0.0364246    0.0364246    
0.426421   0    -0    0.0362806    0.0362806    
0.426721   0    -0    0.0361576    0.0361576    
0.42702   0    -0    0.0360126    0.0360126    
0.42732   0    -0    0.0358829    0.0358829    
0.427619   0    -0    0.0357256    0.0357256    
0.427918   0    -0    0.035594    0.035594    
0.428218   0    -0    0.0354567    0.0354567    
0.428517   0    -0    0.0353231    0.0353231    
0.428817   0    -0    0.0351868    0.0351868    
0.429116   0    -0    0.0350485    0.0350485    
0.429416   0    -0    0.0349102    0.0349102    
0.429715   0    -0    0.03477    0.03477    
0.430015   0    -0    0.0346346    0.0346346    
0.430314   0    -0    0.0344973    0.0344973    
0.430614   0    -0    0.0343714    0.0343714    
0.430913   0    -0    0.0342226    0.0342226    
0.431212   0    -0    0.0340786    0.0340786    
0.431512   0    -0    0.033927    0.033927    
0.431811   0    -0    0.0337915    0.0337915    
0.432111   0    -0    0.033638    0.033638    
0.43241   0    -0    0.0334902    0.0334902    
0.43271   0    -0    0.0333452    0.0333452    
0.433009   0    -0    0.0332069    0.0332069    
0.433309   0    -0    0.0330601    0.0330601    
0.433608   0    -0    0.0329256    0.0329256    
0.433908   0    -0    0.0327673    0.0327673    
0.434207   0    -0    0.0326357    0.0326357    
0.434506   0    -0    0.0324793    0.0324793    
0.434806   0    -0    0.0323458    0.0323458    
0.435105   0    -0    0.032217    0.032217    
0.435405   0    -0    0.0320597    0.0320597    
0.435704   0    -0    0.0319138    0.0319138    
0.436004   0    -0    0.0317411    0.0317411    
0.436303   0    -0    0.0315933    0.0315933    
0.436603   0    -0    0.0314503    0.0314503    
0.436902   0    -0    0.0313292    0.0313292    
0.437201   0    -0    0.0311852    0.0311852    
0.437501   0    -0    0.0310488    0.0310488    
0.4378   0    -0    0.0309067    0.0309067    
0.4381   0    -0    0.0307589    0.0307589    
0.438399   0    -0    0.0306282    0.0306282    
0.438699   0    -0    0.0304909    0.0304909    
0.438998   0    -0    0.0303288    0.0303288    
0.439298   0    -0    0.0301857    0.0301857    
0.439597   0    -0    0.0300245    0.0300245    
0.439897   0    -0    0.0298786    0.0298786    
0.440196   0    -0    0.0297089    0.0297089    
0.440495   0    -0    0.0295801    0.0295801    
0.440795   0    -0    0.0294352    0.0294352    
0.441094   0    -0    0.0292873    0.0292873    
0.441394   0    -0    0.029151    0.029151    
0.441693   0    -0    0.0290117    0.0290117    
0.441993   0    -0    0.0288715    0.0288715    
0.442292   0    -0    0.0287046    0.0287046    
0.442592   0    -0    0.0285683    0.0285683    
0.442891   0    -0    0.0284233    0.0284233    
0.443191   0    -0    0.0282917    0.0282917    
0.44349   0    -0    0.0281248    0.0281248    
0.443789   0    -0    0.0279856    0.0279856    
0.444089   0    -0    0.0278454    0.0278454    
0.444388   0    -0    0.0277081    0.0277081    
0.444688   0    -0    0.0275564    0.0275564    
0.444987   0    -0    0.0274038    0.0274038    
0.445287   0    -0    0.0272789    0.0272789    
0.445586   0    -0    0.0271378    0.0271378    
0.445886   0    -0    0.0270061    0.0270061    
0.446185   0    -0    0.0268602    0.0268602    
0.446485   0    -0    0.026721    0.026721    
0.446784   0    -0    0.0265913    0.0265913    
0.447083   0    -0    0.0264454    0.0264454    
0.447383   0    -0    0.0262938    0.0262938    
0.447682   0    -0    0.0261393    0.0261393    
0.447982   0    -0    0.0259857    0.0259857    
0.448281   0    -0    0.025856    0.025856    
0.448581   0    -0    0.0257063    0.0257063    
0.44888   0    -0    0.0255451    0.0255451    
0.44918   0    -0    0.025383    0.025383    
0.449479   0    -0    0.0252275    0.0252275    
0.449779   0    -0    0.0250578    0.0250578    
0.450078   0    -0    0.02491    0.02491    
0.450377   0    -0    0.0247545    0.0247545    
0.450677   0    -0    0.0246105    0.0246105    
0.450976   0    -0    0.0244684    0.0244684    
0.451276   0    -0    0.024334    0.024334    
0.451575   0    -0    0.0241842    0.0241842    
0.451875   0    -0    0.0240393    0.0240393    
0.452174   0    -0    0.0239038    0.0239038    
0.452474   0    -0    0.0237598    0.0237598    
0.452773   0    -0    0.023613    0.023613    
0.453073   0    -0    0.023489    0.023489    
0.453372   0    -0    0.0233564    0.0233564    
0.453671   0    -0    0.0232058    0.0232058    
0.453971   0    -0    0.0230732    0.0230732    
0.45427   0    -0    0.0229292    0.0229292    
0.45457   0    -0    0.0227823    0.0227823    
0.454869   0    -0    0.0226402    0.0226402    
0.455169   0    -0    0.0224905    0.0224905    
0.455468   0    -0    0.0223551    0.0223551    
0.455768   0    -0    0.0222025    0.0222025    
0.456067   0    -0    0.0220728    0.0220728    
0.456367   0    -0    0.0219307    0.0219307    
0.456666   0    -0    0.0217762    0.0217762    
0.456965   0    -0    0.0216293    0.0216293    
0.457265   0    -0    0.021471    0.021471    
0.457564   0    -0    0.0213251    0.0213251    
0.457864   0    -0    0.0211811    0.0211811    
0.458163   0    -0    0.0210476    0.0210476    
0.458463   0    -0    0.0208969    0.0208969    
0.458762   0    -0    0.0207644    0.0207644    
0.459062   0    -0    0.020607    0.020607    
0.459361   0    -0    0.0204611    0.0204611    
0.459661   0    -0    0.0203371    0.0203371    
0.45996   0    -0    0.0201778    0.0201778    
0.460259   0    -0    0.0200329    0.0200329    
0.460559   0    -0    0.0198898    0.0198898    
0.460858   0    -0    0.0197477    0.0197477    
0.461158   0    -0    0.0196085    0.0196085    
0.461457   0    -0    0.0194569    0.0194569    
0.461757   0    -0    0.0193071    0.0193071    
0.462056   0    -0    0.0191679    0.0191679    
0.462356   0    -0    0.0190153    0.0190153    
0.462655   0    -0    0.0188732    0.0188732    
0.462955   0    -0    0.0186987    0.0186987    
0.463254   0    -0    0.0185595    0.0185595    
0.463553   0    -0    0.0184069    0.0184069    
0.463853   0    -0    0.0182524    0.0182524    
0.464152   0    -0    0.0181131    0.0181131    
0.464452   0    -0    0.0179672    0.0179672    
0.464751   0    -0    0.0178041    0.0178041    
0.465051   0    -0    0.0176487    0.0176487    
0.46535   0    -0    0.0174913    0.0174913    
0.46565   0    -0    0.0173454    0.0173454    
0.465949   0    -0    0.0171947    0.0171947    
0.466249   0    -0    0.0170383    0.0170383    
0.466548   0    -0    0.0168896    0.0168896    
0.466847   0    -0    0.0167255    0.0167255    
0.467147   0    -0    0.0165749    0.0165749    
0.467446   0    -0    0.0164309    0.0164309    
0.467746   0    -0    0.0162802    0.0162802    
0.468045   0    -0    0.0161314    0.0161314    
0.468345   0    -0    0.0159769    0.0159769    
0.468644   0    -0    0.0158386    0.0158386    
0.468944   0    -0    0.0157003    0.0157003    
0.469243   0    -0    0.0155554    0.0155554    
0.469543   0    -0    0.0154009    0.0154009    
0.469842   0    -0    0.015234    0.015234    
0.470141   0    -0    0.0150862    0.0150862    
0.470441   0    -0    0.0149279    0.0149279    
0.47074   0    -0    0.0147953    0.0147953    
0.47104   0    -0    0.0146646    0.0146646    
0.471339   0    -0    0.0145245    0.0145245    
0.471639   0    -0    0.0143938    0.0143938    
0.471938   0    -0    0.0142317    0.0142317    
0.472238   0    -0    0.0140905    0.0140905    
0.472537   0    -0    0.0139265    0.0139265    
0.472836   0    -0    0.0137968    0.0137968    
0.473136   0    -0    0.0136471    0.0136471    
0.473435   0    -0    0.0134993    0.0134993    
0.473735   0    -0    0.0133581    0.0133581    
0.474034   0    -0    0.0132093    0.0132093    
0.474334   0    -0    0.0130653    0.0130653    
0.474633   0    -0    0.0129156    0.0129156    
0.474933   0    -0    0.0127678    0.0127678    
0.475232   0    -0    0.0126095    0.0126095    
0.475532   0    -0    0.0124464    0.0124464    
0.475831   0    -0    0.0122986    0.0122986    
0.47613   0    -0    0.0121527    0.0121527    
0.47643   0    -0    0.0120096    0.0120096    
0.476729   0    -0    0.0118675    0.0118675    
0.477029   0    -0    0.0117207    0.0117207    
0.477328   0    -0    0.0115681    0.0115681    
0.477628   0    -0    0.0114164    0.0114164    
0.477927   0    -0    0.0112686    0.0112686    
0.478227   0    -0    0.0111332    0.0111332    
0.478526   0    -0    0.0109711    0.0109711    
0.478826   0    -0    0.0108356    0.0108356    
0.479125   0    -0    0.0106688    0.0106688    
0.479424   0    -0    0.0105104    0.0105104    
0.479724   0    -0    0.010375    0.010375    
0.480023   0    -0    0.0102167    0.0102167    
0.480323   0    -0    0.0100794    0.0100794    
0.480622   0    -0    0.00993061    0.00993061    
0.480922   0    -0    0.00977612    0.00977612    
0.481221   0    -0    0.00963974    0.00963974    
0.481521   0    -0    0.00947952    0.00947952    
0.48182   0    -0    0.00934124    0.00934124    
0.48212   0    -0    0.00918388    0.00918388    
0.482419   0    -0    0.00904274    0.00904274    
0.482718   0    -0    0.00889492    0.00889492    
0.483018   0    -0    0.00872707    0.00872707    
0.483317   0    -0    0.00855827    0.00855827    
0.483617   0    -0    0.00842476    0.00842476    
0.483916   0    -0    0.00829124    0.00829124    
0.484216   0    -0    0.00814152    0.00814152    
0.484515   0    -0    0.00798035    0.00798035    
0.484815   0    -0    0.00783157    0.00783157    
0.485114   0    -0    0.00767803    0.00767803    
0.485414   0    -0    0.00752258    0.00752258    
0.485713   0    -0    0.00737476    0.00737476    
0.486012   0    -0    0.00721931    0.00721931    
0.486312   0    -0    0.00707436    0.00707436    
0.486611   0    -0    0.00691795    0.00691795    
0.486911   0    -0    0.00678062    0.00678062    
0.48721   0    -0    0.00664234    0.00664234    
0.48751   0    -0    0.00650215    0.00650215    
0.487809   0    -0    0.00635433    0.00635433    
0.488109   0    -0    0.00622654    0.00622654    
0.488408   0    -0    0.00606346    0.00606346    
0.488708   0    -0    0.00592136    0.00592136    
0.489007   0    -0    0.00578785    0.00578785    
0.489306   0    -0    0.00562954    0.00562954    
0.489606   0    -0    0.00546551    0.00546551    
0.489905   0    -0    0.00531673    0.00531673    
0.490205   0    -0    0.00516415    0.00516415    
0.490504   0    -0    0.00503063    0.00503063    
0.490804   0    -0    0.00487137    0.00487137    
0.491103   0    -0    0.0047245    0.0047245    
0.491403   0    -0    0.00457287    0.00457287    
0.491702   0    -0    0.00443745    0.00443745    
0.492002   0    -0    0.00428772    0.00428772    
0.492301   0    -0    0.00416183    0.00416183    
0.4926   0    -0    0.00400352    0.00400352    
0.4929   0    -0    0.00383759    0.00383759    
0.493199   0    -0    0.00368023    0.00368023    
0.493499   0    -0    0.00354385    0.00354385    
0.493798   0    -0    0.0033989    0.0033989    
0.494098   0    -0    0.00324726    0.00324726    
0.494397   0    -0    0.00309181    0.00309181    
0.494697   0    -0    0.00293636    0.00293636    
0.494996   0    -0    0.00278759    0.00278759    
0.495296   0    -0    0.00263214    0.00263214    
0.495595   0    -0    0.00248146    0.00248146    
0.495894   0    -0    0.00234032    0.00234032    
0.496194   0    -0    0.00219345    0.00219345    
0.496493   0    -0    0.00205517    0.00205517    
0.496793   0.13376    -0.00269127    0.0045929    0.00190163    
0.497092   0.1346    -0.00271702    0.00447083    0.00175381    
0.497392   0.13479    -0.00272465    0.0043211    0.00159645    
0.497691   0.134896    -0.00273514    0.00417328    0.00143814    
0.497991   0.135204    -0.0027523    0.00404167    0.00128937    
0.49829   0.137046    -0.00281048    0.00393867    0.0011282    
0.49859   0.13732    -0.00282192    0.00379753    0.000975609    
0.498889   0.137776    -0.00284386    0.00366974    0.000825882    
0.499188   0.138011    -0.00286198    0.00354195    0.00067997    
0.499488   0.160397    -0.00337505    0.00391674    0.000541687    
0.499787   0.270291    -0.00562382    0.00599766    0.00037384    
0.500087   0.434571    -0.00900841    0.00922298    0.000214577    
0.500386   0.442066    -0.00919151    0.00926113    6.96182e-05    
0.500686   0.604539    -0.0126143    0.012537    -7.72476e-05    
0.500985   0.618825    -0.0129423    0.0127249    -0.000217438    
0.501285   0.626751    -0.0131207    0.0127697    -0.000350952    
0.501584   0.635794    -0.0133276    0.0128365    -0.000491142    
0.501884   0.638371    -0.0134192    0.0127745    -0.000644684    
0.502183   0.643237    -0.0135679    0.0127773    -0.000790596    
0.502482   0.645743    -0.013649    0.0127068    -0.00094223    
0.502782   0.647152    -0.0137224    0.012641    -0.00108147    
0.503081   0.656249    -0.0139542    0.0127096    -0.00124454    
0.503381   0.658566    -0.0140657    0.0126801    -0.00138569    
0.50368   0.662738    -0.0142012    0.0126524    -0.00154877    
0.50398   0.68958    -0.0148115    0.0131216    -0.00168991    
0.504279   0.690504    -0.0148964    0.0130625    -0.00183392    
0.504579   0.692636    -0.0149956    0.0130119    -0.00198364    
0.504878   0.740995    -0.0160332    0.013896    -0.00213718    
0.505177   0.746467    -0.0161934    0.0139046    -0.00228882    
0.505477   0.749207    -0.0163107    0.0138597    -0.00245094    
0.505776   0.754663    -0.016469    0.0138693    -0.00259972    
0.506076   0.755512    -0.0165358    0.0137825    -0.00275326    
0.506375   0.758125    -0.0166521    0.0137358    -0.00291634    
0.506675   0.760403    -0.0167398    0.0136814    -0.00305843    
0.506974   0.775331    -0.0171061    0.0138788    -0.00322723    
0.507274   0.777058    -0.0172062    0.0138254    -0.00338078    
0.507573   0.778793    -0.0172911    0.013773    -0.0035181    
0.507873   0.7806    -0.0173883    0.0137234    -0.00366497    
0.508172   0.783792    -0.0175104    0.0137043    -0.00380611    
0.508471   0.786613    -0.0176249    0.0136633    -0.00396156    
0.508771   0.795168    -0.0178814    0.013751    -0.00413036    
0.50907   0.796899    -0.0179853    0.0136995    -0.00428581    
0.50937   0.802862    -0.0181732    0.0137415    -0.00443172    
0.509669   0.807921    -0.018343    0.0137615    -0.00458145    
0.509969   0.810753    -0.0184422    0.0137281    -0.00471401    
0.510268   0.812502    -0.0185423    0.0137043    -0.00483799    
0.510568   0.814674    -0.0186577    0.0136938    -0.00496387    
0.510867   0.816701    -0.0187712    0.0136423    -0.00512886    
0.511167   0.818003    -0.0188732    0.0135965    -0.00527668    
0.511466   0.820515    -0.0189943    0.0135622    -0.00543213    
0.511765   0.824389    -0.019124    0.0135498    -0.00557423    
0.512065   0.825794    -0.0192242    0.0134964    -0.00572777    
0.512364   0.829023    -0.0193405    0.0134687    -0.00587177    
0.512664   0.831452    -0.0194645    0.0134325    -0.00603199    
0.512963   0.832896    -0.0195494    0.0133781    -0.00617123    
0.513263   0.834694    -0.0196438    0.0133429    -0.00630093    
0.513562   0.835795    -0.0197392    0.0132847    -0.00645447    
0.513862   0.841098    -0.0199232    0.0133209    -0.00660229    
0.514161   0.844151    -0.0200882    0.0133247    -0.00676346    
0.514461   0.844994    -0.0201645    0.0132608    -0.00690365    
0.51476   0.846952    -0.0202618    0.0132198    -0.00704193    
0.515059   0.848718    -0.0203819    0.0131884    -0.00719357    
0.515359   0.849804    -0.0204849    0.0131321    -0.00735283    
0.515658   0.850448    -0.0205841    0.0130911    -0.00749302    
0.515958   0.852083    -0.0206938    0.0130539    -0.00763988    
0.516257   0.853959    -0.0208025    0.0130024    -0.0078001    
0.516557   0.856424    -0.020896    0.0129528    -0.00794315    
0.516856   0.857654    -0.0209951    0.012907    -0.00808811    
0.517156   0.858797    -0.0210905    0.012866    -0.00822449    
0.517455   0.860315    -0.0212164    0.012826    -0.00839043    
0.517755   0.860911    -0.021328    0.0127783    -0.00854969    
0.518054   0.862334    -0.0214281    0.0127163    -0.00871181    
0.518353   0.863088    -0.0215149    0.0126524    -0.0088625    
0.518653   0.865223    -0.0216427    0.0126181    -0.00902462    
0.518952   0.866905    -0.0217495    0.0125751    -0.00917435    
0.519252   0.868991    -0.0218763    0.0125484    -0.00932789    
0.519551   0.870655    -0.0219831    0.0125179    -0.00946522    
0.519851   0.871562    -0.0220861    0.0124645    -0.00962162    
0.52015   0.872793    -0.0221806    0.0124092    -0.00977135    
0.52045   0.873641    -0.0222893    0.0123587    -0.00993061    
0.520749   0.87668    -0.0224447    0.0123549    -0.0100899    
0.521049   0.878142    -0.0225611    0.0123072    -0.0102539    
0.521348   0.879198    -0.0226679    0.0122681    -0.0103998    
0.521647   0.881888    -0.0228119    0.0122519    -0.01056    
0.521947   0.882695    -0.0229235    0.0121918    -0.0107317    
0.522246   0.883526    -0.0230284    0.0121365    -0.0108919    
0.522546   0.885275    -0.0231438    0.0120945    -0.0110493    
0.522845   0.886085    -0.0232267    0.0120296    -0.0111971    
0.523145   0.887439    -0.0233488    0.0119896    -0.0113592    
0.523444   0.888019    -0.0234451    0.0119314    -0.0115137    
0.523744   0.889006    -0.0235682    0.011898    -0.0116701    
0.524043   0.889538    -0.0236712    0.0118427    -0.0118284    
0.524343   0.890479    -0.0237656    0.0117931    -0.0119724    
0.524642   0.891578    -0.0238905    0.0117455    -0.012145    
0.524941   0.893623    -0.0240259    0.011734    -0.0122919    
0.525241   0.89422    -0.0241222    0.0116882    -0.012434    
0.52554   0.895463    -0.024229    0.0116386    -0.0125904    
0.52584   0.897093    -0.0243492    0.0116091    -0.0127401    
0.526139   0.897768    -0.0244493    0.0115595    -0.0128899    
0.526439   0.898678    -0.0245485    0.0115204    -0.0130281    
0.526738   0.899713    -0.0246696    0.0114889    -0.0131807    
0.527038   0.901096    -0.0247726    0.0114546    -0.0133181    
0.527337   0.902077    -0.0248833    0.0114098    -0.0134735    
0.527637   0.903014    -0.0249844    0.0113707    -0.0136137    
0.527936   0.903449    -0.0250931    0.0113153    -0.0137777    
0.528235   0.904251    -0.0251865    0.0112514    -0.0139351    
0.528535   0.905009    -0.025301    0.0112095    -0.0140915    
0.528834   0.905679    -0.0253878    0.0111513    -0.0142365    
0.529134   0.907257    -0.0254974    0.0111294    -0.0143681    
0.529433   0.907841    -0.0255928    0.0110846    -0.0145082    
0.529733   0.908981    -0.0257053    0.0110445    -0.0146608    
0.530032   0.909892    -0.0258064    0.0109892    -0.0148172    
0.530332   0.910524    -0.025918    0.0109596    -0.0149584    
0.530631   0.91097    -0.0260105    0.0109186    -0.0150919    
0.530931   0.911478    -0.0260944    0.010869    -0.0152254    
0.53123   0.912853    -0.0262175    0.0108204    -0.0153971    
0.531529   0.913957    -0.0263443    0.0108042    -0.0155401    
0.531829   0.914723    -0.0264645    0.0107565    -0.015708    
0.532128   0.915445    -0.0265884    0.0107174    -0.015871    
0.532428   0.915974    -0.0266914    0.0106564    -0.0160351    
0.532727   0.917099    -0.0268135    0.0106411    -0.0161724    
0.533027   0.918044    -0.0269203    0.0106058    -0.0163145    
0.533326   0.918639    -0.0270262    0.0105553    -0.0164709    
0.533626   0.919746    -0.0271387    0.0105362    -0.0166025    
0.533925   0.920791    -0.0272579    0.0105    -0.016758    
0.534225   0.92158    -0.0273657    0.010457    -0.0169086    
0.534524   0.922104    -0.0274706    0.0104103    -0.0170603    
0.534823   0.922648    -0.0275888    0.0103607    -0.0172281    
0.535123   0.923002    -0.0276833    0.0103264    -0.0173569    
0.535422   0.923472    -0.0277863    0.010294    -0.0174923    
0.535722   0.92411    -0.027894    0.0102615    -0.0176325    
0.536021   0.924632    -0.0280104    0.0102167    -0.0177937    
0.536321   0.925046    -0.0281115    0.0101776    -0.0179338    
0.53662   0.925596    -0.0282164    0.0101366    -0.0180798    
0.53692   0.926291    -0.0283232    0.0100803    -0.0182428    
0.537219   0.92719    -0.0284252    0.0100327    -0.0183926    
0.537519   0.927921    -0.0285273    0.00998497    -0.0185423    
0.537818   0.929723    -0.0286598    0.00997639    -0.0186834    
0.538117   0.930301    -0.0287609    0.00993824    -0.0188227    
0.538417   0.930747    -0.0288496    0.009902    -0.0189476    
0.538716   0.931457    -0.0289602    0.00985622    -0.019104    
0.539016   0.931886    -0.0290585    0.00981236    -0.0192461    
0.539315   0.932242    -0.0291452    0.00978279    -0.0193624    
0.539615   0.93266    -0.029233    0.00975704    -0.0194759    
0.539914   0.933375    -0.0293665    0.00972176    -0.0196447    
0.540214   0.933873    -0.0294552    0.00967407    -0.0197811    
0.540513   0.934712    -0.0295658    0.00963879    -0.019927    
0.540812   0.935069    -0.0296783    0.00959492    -0.0200834    
0.541112   0.935349    -0.0297794    0.00955296    -0.0202265    
0.541411   0.935605    -0.0298958    0.0095253    -0.0203705    
0.541711   0.936006    -0.0299911    0.00948715    -0.020504    
0.54201   0.936673    -0.0301075    0.00944614    -0.0206614    
0.54231   0.937591    -0.0302162    0.00939846    -0.0208178    
0.542609   0.937831    -0.0303335    0.00935268    -0.0209808    
0.542909   0.938189    -0.0304461    0.00931931    -0.0211267    
0.543208   0.93859    -0.0305576    0.0092802    -0.0212774    
0.543508   0.939217    -0.0306616    0.00923729    -0.0214243    
0.543807   0.940057    -0.0307779    0.00920868    -0.0215693    
0.544106   0.940644    -0.0309048    0.0091877    -0.0217171    
0.544406   0.940988    -0.0310068    0.00912857    -0.0218782    
0.544705   0.941488    -0.0311117    0.00908184    -0.0220299    
0.545005   0.941884    -0.0312195    0.00905418    -0.0221653    
0.545304   0.942171    -0.0313416    0.00901699    -0.0223246    
0.545604   0.942537    -0.0314465    0.00897694    -0.0224695    
0.545903   0.942876    -0.0315571    0.00894165    -0.0226154    
0.546203   0.943489    -0.0316525    0.00890827    -0.0227442    
0.546502   0.9439    -0.0317545    0.00887012    -0.0228844    
0.546802   0.944451    -0.0318565    0.00883675    -0.0230198    
0.547101   0.945044    -0.031949    0.00878048    -0.0231686    
0.5474   0.945632    -0.0320463    0.00873089    -0.0233154    
0.5477   0.945915    -0.0321417    0.00868416    -0.0234575    
0.547999   0.946504    -0.0322742    0.00865459    -0.0236197    
0.548299   0.947013    -0.0323849    0.00861645    -0.0237684    
0.548598   0.947329    -0.0324974    0.00858116    -0.0239162    
0.548898   0.947851    -0.032609    0.00853825    -0.0240707    
0.549197   0.948353    -0.0327082    0.00850201    -0.0242062    
0.549497   0.948963    -0.0328264    0.00847435    -0.0243521    
0.549796   0.949693    -0.0329361    0.00844479    -0.0244913    
0.550096   0.950551    -0.0330582    0.0084219    -0.0246363    
0.550395   0.950888    -0.0331821    0.00837612    -0.024806    
0.550694   0.951104    -0.0332947    0.00835133    -0.0249434    
0.550994   0.951558    -0.0334129    0.00831795    -0.025095    
0.551293   0.951845    -0.0335093    0.00827885    -0.0252304    
0.551593   0.952151    -0.0336246    0.00824165    -0.025383    
0.551892   0.952663    -0.0337391    0.00820637    -0.0255327    
0.552192   0.953343    -0.0338469    0.00817204    -0.0256748    
0.552491   0.953595    -0.0339441    0.00813389    -0.0258102    
0.552791   0.954049    -0.0340376    0.00809669    -0.0259409    
0.55309   0.954254    -0.0341301    0.00805378    -0.0260763    
0.55339   0.95444    -0.0342417    0.00802422    -0.0262175    
0.553689   0.954908    -0.0343561    0.00799179    -0.0263643    
0.553988   0.955386    -0.0344496    0.00795555    -0.026494    
0.554288   0.956066    -0.0345612    0.00791454    -0.0266466    
0.554587   0.956416    -0.0346727    0.00788403    -0.0267887    
0.554887   0.956732    -0.0347633    0.00784588    -0.0269175    
0.555186   0.957377    -0.0348787    0.00781345    -0.0270653    
0.555486   0.957658    -0.0349884    0.00777435    -0.0272141    
0.555785   0.958276    -0.0351152    0.0077486    -0.0273666    
0.556085   0.958618    -0.0352259    0.0077095    -0.0275164    
0.556384   0.959144    -0.0353508    0.00768566    -0.0276651    
0.556684   0.959406    -0.0354538    0.00765705    -0.0277967    
0.556983   0.959842    -0.0355635    0.00762749    -0.027936    
0.557282   0.960202    -0.0356617    0.00759411    -0.0280676    
0.557582   0.960456    -0.0357876    0.00755978    -0.0282278    
0.557881   0.9608    -0.035902    0.00752831    -0.0283737    
0.558181   0.961179    -0.0360098    0.00748158    -0.0285282    
0.55848   0.961368    -0.0361166    0.0074482    -0.0286684    
0.55878   0.961633    -0.0362387    0.00741005    -0.0288286    
0.559079   0.961973    -0.0363674    0.00738144    -0.028986    
0.559379   0.962244    -0.0364819    0.00734615    -0.0291357    
0.559678   0.962615    -0.0366039    0.00731087    -0.0292931    
0.559978   0.962965    -0.0367079    0.00726986    -0.029438    
0.560277   0.963213    -0.0368233    0.00724316    -0.0295801    
0.560576   0.963435    -0.0369368    0.00721455    -0.0297222    
0.560876   0.963669    -0.0370417    0.00717735    -0.0298643    
0.561175   0.963935    -0.0371275    0.00714302    -0.0299845    
0.561475   0.96436    -0.0372429    0.00710392    -0.030139    
0.561774   0.964708    -0.0373402    0.00708866    -0.0302515    
0.562074   0.964836    -0.0374384    0.00705719    -0.0303812    
0.562373   0.96518    -0.0375528    0.00702477    -0.0305281    
0.562673   0.965292    -0.0376539    0.00699806    -0.0306559    
0.562972   0.965502    -0.0377645    0.00695992    -0.0308046    
0.563272   0.965926    -0.037879    0.00693321    -0.0309458    
0.563571   0.966117    -0.0379868    0.00689793    -0.0310888    
0.56387   0.966497    -0.0380993    0.00686169    -0.0312376    
0.56417   0.966633    -0.0382166    0.00683594    -0.0313807    
0.564469   0.966948    -0.0383272    0.00680828    -0.0315189    
0.564769   0.967102    -0.0384369    0.00678158    -0.0316553    
0.565068   0.967349    -0.0385466    0.00675011    -0.0317965    
0.565368   0.967517    -0.0386534    0.00672436    -0.031929    
0.565667   0.967773    -0.038764    0.00669193    -0.0320721    
0.565967   0.967895    -0.038888    0.00666237    -0.0322256    
0.566266   0.968149    -0.0390081    0.00664139    -0.0323668    
0.566566   0.96837    -0.0391169    0.00661087    -0.032506    
0.566865   0.968528    -0.039237    0.00658131    -0.0326557    
0.567164   0.968708    -0.0393543    0.00654984    -0.0328045    
0.567464   0.968852    -0.0394697    0.00651741    -0.0329523    
0.567763   0.969046    -0.0395803    0.00647926    -0.0331011    
0.568063   0.969269    -0.0396976    0.00644875    -0.0332489    
0.568362   0.969416    -0.0398207    0.00642204    -0.0333986    
0.568662   0.969567    -0.039937    0.00639725    -0.0335398    
0.568961   0.969707    -0.0400438    0.00636673    -0.0336771    
0.569261   0.970041    -0.0401535    0.00633621    -0.0338173    
0.56956   0.970234    -0.0402527    0.00631618    -0.0339365    
0.56986   0.970429    -0.0403576    0.00629616    -0.0340614    
0.570159   0.970692    -0.040472    0.00627232    -0.0341997    
0.570458   0.970916    -0.0405817    0.00624752    -0.0343342    
0.570758   0.971082    -0.0406876    0.006217    -0.0344706    
0.571057   0.971389    -0.0408039    0.00618553    -0.0346184    
0.571357   0.971761    -0.0409184    0.00616074    -0.0347576    
0.571656   0.972027    -0.0410318    0.00613213    -0.0348997    
0.571956   0.972241    -0.0411453    0.00610542    -0.0350399    
0.572255   0.972491    -0.0412521    0.00607395    -0.0351782    
0.572555   0.972692    -0.0413675    0.00604439    -0.0353231    
0.572854   0.972899    -0.0414734    0.00602055    -0.0354528    
0.573153   0.97311    -0.0415897    0.00598907    -0.0356007    
0.573453   0.973353    -0.041707    0.00595856    -0.0357485    
0.573752   0.973583    -0.0418224    0.00593376    -0.0358887    
0.574052   0.973725    -0.0419264    0.00590611    -0.0360203    
0.574351   0.973918    -0.0420532    0.00588131    -0.0361719    
0.574651   0.974121    -0.0421753    0.00585842    -0.0363169    
0.57495   0.974313    -0.0422802    0.00583172    -0.0364485    
0.57525   0.974426    -0.0423918    0.00580597    -0.0365858    
0.575549   0.974622    -0.0424891    0.00577927    -0.0367098    
0.575849   0.974769    -0.0426092    0.00574684    -0.0368624    
0.576148   0.974915    -0.0427132    0.00572681    -0.0369864    
0.576447   0.975005    -0.0428286    0.00570202    -0.0371265    
0.576747   0.975187    -0.0429411    0.00567055    -0.0372705    
0.577046   0.975463    -0.043067    0.00564575    -0.0374212    
0.577346   0.975641    -0.0431767    0.00562    -0.0375566    
0.577645   0.975841    -0.0432768    0.00559425    -0.0376825    
0.577945   0.975922    -0.0433903    0.00557232    -0.037818    
0.578244   0.976191    -0.0434914    0.00553703    -0.0379543    
0.578544   0.976487    -0.0436029    0.0055275    -0.0380754    
0.578843   0.976671    -0.0437222    0.00550842    -0.0382137    
0.579143   0.976798    -0.0438251    0.00548267    -0.0383425    
0.579442   0.976945    -0.0439539    0.00546455    -0.0384893    
0.579741   0.977105    -0.0440693    0.00542831    -0.038641    
0.580041   0.977289    -0.0442009    0.00540638    -0.0387945    
0.58034   0.977375    -0.0443029    0.00538254    -0.0389204    
0.58064   0.977531    -0.0443993    0.00535202    -0.0390472    
0.580939   0.977625    -0.0445156    0.00532818    -0.0391874    
0.581239   0.977843    -0.0446367    0.00529575    -0.039341    
0.581538   0.97806    -0.0447578    0.00527287    -0.039485    
0.581838   0.978217    -0.0448685    0.00524521    -0.0396233    
0.582137   0.978395    -0.0449715    0.00521946    -0.039752    
0.582437   0.978495    -0.0450888    0.00519753    -0.0398912    
0.582736   0.978664    -0.0452185    0.00517273    -0.0400457    
0.583035   0.978788    -0.0453205    0.00515079    -0.0401697    
0.583335   0.978948    -0.0454302    0.00512981    -0.0403004    
0.583634   0.979045    -0.0455647    0.00510693    -0.0404577    
0.583934   0.979206    -0.0456762    0.00507927    -0.040597    
0.584233   0.979331    -0.0457878    0.00505447    -0.0407333    
0.584533   0.979418    -0.0459146    0.00503445    -0.0408802    
0.584832   0.979638    -0.0460405    0.00499821    -0.0410423    
0.585132   0.97972    -0.0461531    0.00497818    -0.0411749    
0.585431   0.97988    -0.0462751    0.00495529    -0.0413198    
0.585731   0.980021    -0.0463762    0.0049305    -0.0414457    
0.58603   0.980114    -0.0464878    0.00490952    -0.0415783    
0.586329   0.980236    -0.046607    0.00488567    -0.0417213    
0.586629   0.980345    -0.0467253    0.00487137    -0.0418539    
0.586928   0.980505    -0.0468464    0.00485802    -0.0419884    
0.587228   0.980607    -0.0469646    0.00483799    -0.0421267    
0.587527   0.980684    -0.0470762    0.00481415    -0.0422621    
0.587827   0.980843    -0.0471935    0.00478745    -0.0424061    
0.588126   0.980981    -0.0473022    0.00477219    -0.0425301    
0.588426   0.981102    -0.0474262    0.00474548    -0.0426807    
0.588725   0.981292    -0.0475464    0.00472546    -0.0428209    
0.589025   0.981407    -0.0476398    0.00470638    -0.0429335    
0.589324   0.981518    -0.0477438    0.00468349    -0.0430603    
0.589623   0.981607    -0.0478487    0.00466251    -0.0431862    
0.589923   0.981716    -0.0479507    0.00464344    -0.0433073    
0.590222   0.981821    -0.0480576    0.00462723    -0.0434303    
0.590522   0.981922    -0.0481634    0.00460625    -0.0435572    
0.590821   0.982067    -0.048274    0.00458431    -0.0436897    
0.591121   0.982168    -0.0483837    0.00456333    -0.0438204    
0.59142   0.982277    -0.0485029    0.00453854    -0.0439644    
0.59172   0.982383    -0.0486231    0.00451851    -0.0441046    
0.592019   0.982456    -0.0487452    0.00450325    -0.0442419    
0.592319   0.982547    -0.0488348    0.00448322    -0.0443516    
0.592618   0.982694    -0.0489483    0.0044632    -0.0444851    
0.592917   0.98291    -0.0490599    0.00444031    -0.0446196    
0.593217   0.983023    -0.0491695    0.00441456    -0.044755    
0.593516   0.983104    -0.0492802    0.00440121    -0.044879    
0.593816   0.983253    -0.0493889    0.0043726    -0.0450163    
0.594115   0.983386    -0.0495052    0.00434589    -0.0451593    
0.594415   0.983481    -0.0495987    0.00432587    -0.0452728    
0.594714   0.983533    -0.0496998    0.00431633    -0.0453835    
0.595014   0.983663    -0.0498171    0.00429249    -0.0455246    
0.595313   0.983766    -0.0499372    0.00427532    -0.0456619    
0.595613   0.983857    -0.0500231    0.00425625    -0.0457668    
0.595912   0.983916    -0.0501442    0.00424004    -0.0459042    
0.596211   0.984033    -0.0502539    0.00422001    -0.0460339    
0.596511   0.984195    -0.0503635    0.00419712    -0.0461664    
0.59681   0.98434    -0.0504751    0.00417519    -0.0462999    
0.59711   0.984423    -0.050602    0.00415516    -0.0464468    
0.597409   0.984538    -0.0507107    0.00413322    -0.0465775    
0.597709   0.984664    -0.050827    0.00411129    -0.0467157    
0.598008   0.984708    -0.0509357    0.00409508    -0.0468407    
0.598308   0.984891    -0.0510426    0.00406647    -0.0469761    
0.598607   0.985024    -0.0511303    0.00404549    -0.0470848    
0.598907   0.985068    -0.0512295    0.00403786    -0.0471916    
0.599206   0.985165    -0.0513277    0.00401878    -0.0473089    
0.599505   0.985287    -0.0514307    0.00399494    -0.0474358    
0.599805   0.985387    -0.0515594    0.00397301    -0.0475864    
0.600104   0.985449    -0.0516844    0.00395489    -0.0477295    
0.600404   0.985527    -0.0517979    0.003932    -0.0478659    
0.600703   0.985656    -0.0519228    0.00390625    -0.0480165    
0.601003   0.985747    -0.0520287    0.00389004    -0.0481386    
0.601302   0.985865    -0.0521421    0.00387001    -0.0482721    
0.601602   0.985961    -0.0522366    0.00385666    -0.0483799    
0.601901   0.986022    -0.0523567    0.00383472    -0.048522    
0.602201   0.986145    -0.0524664    0.00380421    -0.0486622    
0.6025   0.986324    -0.052577    0.0037899    -0.0487871    
0.602799   0.986456    -0.0526934    0.00377178    -0.0489216    
0.603099   0.986554    -0.0527925    0.00375271    -0.0490398    
0.603398   0.98661    -0.052907    0.00374126    -0.0491657    
0.603698   0.986686    -0.0530214    0.0037241    -0.0492973    
0.603997   0.986778    -0.053154    0.00370312    -0.0494509    
0.604297   0.986854    -0.0532684    0.00368786    -0.0495806    
0.604596   0.986916    -0.0533838    0.00367451    -0.0497093    
0.604896   0.987014    -0.0534983    0.00365543    -0.0498428    
0.605195   0.987163    -0.053606    0.00363636    -0.0499697    
0.605494   0.987278    -0.0537195    0.0036211    -0.0500984    
0.605794   0.987548    -0.0538464    0.00360394    -0.0502424    
0.606093   0.987634    -0.0539618    0.00358677    -0.050375    
0.606393   0.9877    -0.0540657    0.0035696    -0.0504961    
0.606692   0.98783    -0.0541592    0.00354576    -0.0506134    
0.606992   0.987897    -0.0542774    0.00352573    -0.0507517    
0.607291   0.987935    -0.0543957    0.00351429    -0.0508814    
0.607591   0.987997    -0.0545149    0.00349712    -0.0510178    
0.60789   0.988041    -0.0546293    0.00348282    -0.0511465    
0.60819   0.988155    -0.0547371    0.0034647    -0.0512724    
0.608489   0.988212    -0.0548468    0.00344944    -0.0513973    
0.608788   0.988264    -0.054965    0.00343418    -0.0515308    
0.609088   0.98841    -0.0550766    0.00341129    -0.0516653    
0.609387   0.988512    -0.0552025    0.00339317    -0.0518093    
0.609687   0.988594    -0.0553226    0.00337124    -0.0519514    
0.609986   0.988679    -0.0554342    0.00336075    -0.0520735    
0.610286   0.988761    -0.0555487    0.00334644    -0.0522022    
0.610585   0.988814    -0.0556488    0.00333214    -0.0523167    
0.610885   0.988924    -0.0557585    0.00330925    -0.0524492    
0.611184   0.989045    -0.0558653    0.00328827    -0.052577    
0.611484   0.989105    -0.0559645    0.00327969    -0.0526848    
0.611783   0.989222    -0.0560875    0.0032568    -0.0528307    
0.612082   0.989263    -0.0561819    0.00324249    -0.0529394    
0.612382   0.989342    -0.0562849    0.00322819    -0.0530567    
0.612681   0.989439    -0.0563936    0.00321674    -0.0531769    
0.612981   0.989492    -0.0565062    0.00320435    -0.0533018    
0.61328   0.989545    -0.0566111    0.00318813    -0.0534229    
0.61358   0.989655    -0.0567179    0.00315952    -0.0535583    
0.613879   0.989786    -0.0568228    0.00313663    -0.0536861    
0.614179   0.989901    -0.0569181    0.00310898    -0.0538092    
0.614478   0.989929    -0.0570402    0.00310135    -0.0539389    
0.614778   0.989979    -0.0571632    0.00308704    -0.0540762    
0.615077   0.990058    -0.0572796    0.00306797    -0.0542116    
0.615376   0.990142    -0.0573645    0.00305367    -0.0543108    
0.615676   0.990161    -0.0574713    0.00304604    -0.0544252    
0.615975   0.990223    -0.0575857    0.00302601    -0.0545597    
0.616275   0.990262    -0.0577002    0.00301552    -0.0546846    
0.616574   0.990299    -0.0578051    0.00300598    -0.0547991    
0.616874   0.990396    -0.0579081    0.00298882    -0.0549192    
0.617173   0.990489    -0.0580006    0.00296783    -0.0550327    
0.617473   0.990574    -0.0581236    0.00295258    -0.055171    
0.617772   0.990654    -0.0582218    0.00293636    -0.0552855    
0.618072   0.990694    -0.0583391    0.00292778    -0.0554113    
0.618371   0.990754    -0.0584469    0.00291538    -0.0555315    
0.61867   0.990791    -0.0585623    0.00290108    -0.0556612    
0.61897   0.990843    -0.0586805    0.00288391    -0.0557966    
0.619269   0.990886    -0.0587845    0.00287151    -0.055913    
0.619569   0.990957    -0.0588942    0.0028553    -0.0560389    
0.619868   0.99102    -0.0590181    0.00283718    -0.056181    
0.620168   0.99113    -0.0590973    0.00281525    -0.056282    
0.620467   0.991174    -0.0592031    0.00279903    -0.0564041    
0.620767   0.991272    -0.0593061    0.00278378    -0.0565224    
0.621066   0.99134    -0.0594187    0.00277138    -0.0566473    
0.621366   0.991377    -0.0595322    0.00275803    -0.0567741    
0.621665   0.99151    -0.0596428    0.00274086    -0.0569019    
0.621964   0.991556    -0.059763    0.00273132    -0.0570316    
0.622264   0.991601    -0.0598688    0.00272083    -0.057148    
0.622563   0.991641    -0.0599642    0.00270557    -0.0572586    
0.622863   0.991678    -0.0600796    0.00268936    -0.0573902    
0.623162   0.991785    -0.060195    0.00266933    -0.0575256    
0.623462   0.991939    -0.0603018    0.00265503    -0.0576468    
0.623761   0.991996    -0.0604076    0.00264072    -0.0577669    
0.624061   0.992057    -0.0605021    0.00262547    -0.0578766    
0.62436   0.99208    -0.0606098    0.00261593    -0.0579939    
0.62466   0.992156    -0.0607023    0.00261307    -0.0580893    
0.624959   0.992204    -0.0608072    0.00259686    -0.0582104    
0.625258   0.992272    -0.0609169    0.0025816    -0.0583353    
0.625558   0.992323    -0.0610437    0.00256824    -0.0584755    
0.625857   0.992349    -0.0611515    0.0025568    -0.0585947    
0.626157   0.99242    -0.0612583    0.00254345    -0.0587149    
0.626456   0.992501    -0.0613642    0.00252819    -0.058836    
0.626756   0.992585    -0.0614729    0.00251675    -0.0589561    
0.627055   0.992613    -0.0615768    0.0025034    -0.0590734    
0.627355   0.992671    -0.0616837    0.002491    -0.0591927    
0.627654   0.992716    -0.0618057    0.00247765    -0.0593281    
0.627954   0.992771    -0.0619221    0.00246811    -0.059454    
0.628253   0.992821    -0.0620251    0.00245667    -0.0595684    
0.628552   0.992849    -0.0621281    0.00244617    -0.0596819    
0.628852   0.992886    -0.0622358    0.00243282    -0.059803    
0.629151   0.992926    -0.0623188    0.00242138    -0.0598974    
0.629451   0.992958    -0.0624428    0.00240898    -0.0600338    
0.62975   0.992987    -0.0625534    0.0024004    -0.060153    
0.63005   0.993016    -0.0626459    0.002388    -0.0602579    
0.630349   0.993069    -0.0627384    0.00237846    -0.06036    
0.630649   0.993115    -0.0628414    0.00237179    -0.0604696    
0.630948   0.993171    -0.0629511    0.0023613    -0.0605898    
0.631248   0.993232    -0.063056    0.00234795    -0.060708    
0.631547   0.993271    -0.0631723    0.00234127    -0.0608311    
0.631846   0.993338    -0.0632629    0.00233173    -0.0609312    
0.632146   0.993371    -0.0633755    0.00232124    -0.0610542    
0.632445   0.993451    -0.0634928    0.00230789    -0.0611849    
0.632745   0.993501    -0.0635967    0.00228786    -0.0613089    
0.633044   0.993551    -0.0636902    0.00227356    -0.0614166    
0.633344   0.993578    -0.0638056    0.00226784    -0.0615377    
0.633643   0.993605    -0.0639143    0.00225353    -0.0616608    
0.633943   0.993691    -0.0640078    0.00223732    -0.0617704    
0.634242   0.993716    -0.0641127    0.00222778    -0.0618849    
0.634542   0.993794    -0.0642262    0.00221252    -0.0620136    
0.634841   0.993872    -0.0643339    0.00220013    -0.0621338    
0.63514   0.993908    -0.0644541    0.00218964    -0.0622644    
0.63544   0.993961    -0.0645714    0.00217247    -0.0623989    
0.635739   0.993995    -0.0646524    0.00216389    -0.0624886    
0.636039   0.994059    -0.0647802    0.00215054    -0.0626297    
0.636338   0.994088    -0.0648718    0.00213909    -0.0627327    
0.636638   0.99415    -0.0649662    0.00212955    -0.0628366    
0.636937   0.994174    -0.0650749    0.00211811    -0.0629568    
0.637237   0.99424    -0.0651894    0.00210285    -0.0630865    
0.637536   0.994292    -0.0653076    0.00208664    -0.063221    
0.637836   0.994327    -0.0654078    0.00207615    -0.0633316    
0.638135   0.994366    -0.0654917    0.00206852    -0.0634232    
0.638434   0.994394    -0.0655804    0.00205803    -0.0635223    
0.638734   0.994446    -0.06569    0.00204849    -0.0636415    
0.639033   0.994469    -0.0657997    0.00204086    -0.0637589    
0.639333   0.994512    -0.0659084    0.00203037    -0.0638781    
0.639632   0.994546    -0.0660143    0.00201893    -0.0639954    
0.639932   0.994571    -0.0661173    0.00201035    -0.0641069    
0.640231   0.994596    -0.0662107    0.0019989    -0.0642118    
0.640531   0.994646    -0.0663013    0.00198555    -0.0643158    
0.64083   0.994678    -0.0664129    0.00197792    -0.064435    
0.641129   0.994733    -0.0665112    0.00196457    -0.0645466    
0.641429   0.994766    -0.0666256    0.00196075    -0.0646648    
0.641728   0.994827    -0.0667229    0.00195217    -0.0647707    
0.642028   0.994858    -0.0668249    0.00194359    -0.0648813    
0.642327   0.994896    -0.0669174    0.00193501    -0.0649824    
0.642627   0.994907    -0.0670366    0.00193024    -0.0651064    
0.642926   0.99494    -0.067132    0.00191879    -0.0652132    
0.643226   0.994969    -0.0672197    0.00190544    -0.0653143    
0.643525   0.995053    -0.0673304    0.00188255    -0.0654478    
0.643825   0.995097    -0.0674324    0.00187016    -0.0655622    
0.644124   0.995126    -0.067524    0.00185871    -0.0656652    
0.644423   0.995164    -0.0676365    0.0018549    -0.0657816    
0.644723   0.995194    -0.0677385    0.00184727    -0.0658913    
0.645022   0.995218    -0.0678339    0.00183582    -0.0659981    
0.645322   0.995234    -0.067915    0.00182724    -0.0660877    
0.645621   0.99527    -0.068018    0.00181961    -0.0661983    
0.645921   0.995309    -0.06812    0.00181103    -0.066309    
0.64622   0.995353    -0.0682144    0.00180054    -0.0664139    
0.64652   0.995367    -0.068305    0.00179386    -0.0665112    
0.646819   0.995397    -0.0684061    0.00178623    -0.0666199    
0.647119   0.995448    -0.068512    0.00178051    -0.0667315    
0.647418   0.99547    -0.0686178    0.00177097    -0.0668468    
0.647717   0.99549    -0.0687141    0.00176144    -0.0669527    
0.648017   0.99551    -0.0688152    0.00174904    -0.0670662    
0.648316   0.995549    -0.0689268    0.00173569    -0.0671911    
0.648616   0.995571    -0.0690393    0.00172901    -0.0673103    
0.648915   0.995582    -0.0691338    0.00172329    -0.0674105    
0.649215   0.995625    -0.0692282    0.00171947    -0.0675087    
0.649514   0.995654    -0.0693178    0.00170898    -0.0676088    
0.649814   0.995715    -0.0694408    0.00169659    -0.0677443    
0.650113   0.995736    -0.0695353    0.00169182    -0.0678434    
0.650413   0.995768    -0.0696459    0.00168037    -0.0679655    
0.650712   0.995807    -0.0697355    0.00167084    -0.0680647    
0.651011   0.995876    -0.0698471    0.0016613    -0.0681858    
0.651311   0.995894    -0.0699472    0.00165558    -0.0682917    
0.65161   0.995942    -0.0700483    0.00164318    -0.0684052    
0.65191   0.99598    -0.0701542    0.00162983    -0.0685244    
0.652209   0.996001    -0.070241    0.00162411    -0.0686169    
0.652509   0.996054    -0.0703392    0.00161743    -0.0687218    
0.652808   0.996097    -0.0704155    0.00160313    -0.0688124    
0.653108   0.996145    -0.0705061    0.0015955    -0.0689106    
0.653407   0.996175    -0.070611    0.0015831    -0.0690279    
0.653707   0.996197    -0.0707045    0.00157356    -0.0691309    
0.654006   0.996225    -0.0708122    0.00156021    -0.069252    
0.654305   0.996257    -0.0709028    0.00155067    -0.0693521    
0.654605   0.996279    -0.0710249    0.00154209    -0.0694828    
0.654904   0.996311    -0.0710936    0.00152969    -0.0695639    
0.655204   0.996322    -0.0711985    0.00152302    -0.0696754    
0.655503   0.996347    -0.0712814    0.00151539    -0.069766    
0.655803   0.996363    -0.0713892    0.00151062    -0.0698786    
0.656102   0.996385    -0.071476    0.00150299    -0.069973    
0.656402   0.996406    -0.0715981    0.00149632    -0.0701017    
0.656701   0.996429    -0.0716887    0.00149059    -0.0701981    
0.657001   0.996457    -0.0717783    0.00147724    -0.0703011    
0.6573   0.996467    -0.0718794    0.00147152    -0.0704079    
0.657599   0.996489    -0.0719681    0.00146008    -0.070508    
0.657899   0.996501    -0.0720654    0.00145721    -0.0706081    
0.658198   0.99652    -0.0721512    0.00144863    -0.0707026    
0.658498   0.996546    -0.072258    0.00143814    -0.0708199    
0.658797   0.996653    -0.0723562    0.00143433    -0.0709219    
0.659097   0.996668    -0.0724678    0.0014286    -0.0710392    
0.659396   0.996678    -0.0725479    0.00142574    -0.0711222    
0.659696   0.9967    -0.0726347    0.00141811    -0.0712166    
0.659995   0.996721    -0.0727358    0.00140667    -0.0713291    
0.660295   0.996736    -0.0728273    0.00140095    -0.0714264    
0.660594   0.996746    -0.0729008    0.00139809    -0.0715027    
0.660893   0.996762    -0.0730095    0.00139141    -0.0716181    
0.661193   0.996804    -0.0730972    0.00137806    -0.0717192    
0.661492   0.996821    -0.0731974    0.00137138    -0.071826    
0.661792   0.996837    -0.073288    0.00136375    -0.0719242    
0.662091   0.996838    -0.0733747    0.00136375    -0.072011    
0.662391   0.996856    -0.0734634    0.00135326    -0.0721102    
0.66269   0.996866    -0.0735779    0.00134754    -0.0722303    
0.66299   0.996876    -0.073679    0.00134373    -0.0723352    
0.663289   0.996886    -0.0737867    0.00133991    -0.0724468    
0.663589   0.996907    -0.0738716    0.00133228    -0.0725393    
0.663888   0.99691    -0.0739441    0.00133133    -0.0726128    
0.664187   0.996934    -0.0740347    0.00132084    -0.0727139    
0.664487   0.99695    -0.0741215    0.00131416    -0.0728073    
0.664786   0.996973    -0.0742044    0.00130272    -0.0729017    
0.665086   0.996997    -0.0742989    0.00129795    -0.0730009    
0.665385   0.997009    -0.0743761    0.00129414    -0.073082    
0.665685   0.99703    -0.0744667    0.00128937    -0.0731773    
0.665984   0.997076    -0.0745659    0.00127983    -0.0732861    
0.666284   0.997102    -0.0746584    0.0012722    -0.0733862    
0.666583   0.997119    -0.0747623    0.00126362    -0.0734987    
0.666883   0.997141    -0.0748529    0.00125599    -0.073597    
0.667182   0.997163    -0.0749502    0.0012455    -0.0737047    
0.667481   0.99718    -0.0750256    0.00123978    -0.0737858    
0.667781   0.997211    -0.0751228    0.00122833    -0.0738945    
0.66808   0.997219    -0.0752296    0.00122261    -0.074007    
0.66838   0.997238    -0.0753117    0.00121593    -0.0740957    
0.668679   0.997245    -0.075408    0.00121307    -0.0741949    
0.668979   0.997271    -0.0754948    0.00120735    -0.0742874    
0.669278   0.997286    -0.0755939    0.00120354    -0.0743904    
0.669578   0.997308    -0.0757008    0.00119495    -0.0745058    
0.669877   0.997321    -0.075799    0.00118828    -0.0746107    
0.670177   0.997332    -0.0758924    0.00118351    -0.0747089    
0.670476   0.997357    -0.0759621    0.00117683    -0.0747852    
0.670775   0.997381    -0.0760555    0.0011692    -0.0748863    
0.671075   0.997401    -0.0761671    0.00116253    -0.0750046    
0.671374   0.997415    -0.0762548    0.00115967    -0.0750952    
0.671674   0.997431    -0.0763435    0.0011549    -0.0751886    
0.671973   0.997457    -0.0764256    0.00114155    -0.075284    
0.672273   0.997466    -0.0765343    0.00113869    -0.0753956    
0.672572   0.99748    -0.0766239    0.00113487    -0.075489    
0.672872   0.99749    -0.0766935    0.00112915    -0.0755644    
0.673171   0.997524    -0.0767727    0.00112152    -0.0756512    
0.67347   0.997537    -0.0768404    0.00111485    -0.0757256    
0.67377   0.997561    -0.0769463    0.00110722    -0.075839    
0.674069   0.997572    -0.0770216    0.00110245    -0.0759192    
0.674369   0.997583    -0.0770931    0.00109673    -0.0759964    
0.674668   0.997591    -0.0771885    0.00109482    -0.0760937    
0.674968   0.997599    -0.0772715    0.001091    -0.0761805    
0.675267   0.997612    -0.0773554    0.00108624    -0.0762691    
0.675567   0.997627    -0.0774574    0.00108051    -0.0763769    
0.675866   0.997641    -0.0775547    0.00107288    -0.0764818    
0.676166   0.997639    -0.0776463    0.00107098    -0.0765753    
0.676465   0.997646    -0.0777473    0.00106907    -0.0766783    
0.676764   0.997657    -0.077836    0.00106239    -0.0767736    
0.677064   0.997666    -0.0779228    0.00105762    -0.0768652    
0.677363   0.997681    -0.0780249    0.0010519    -0.076973    
0.677663   0.997685    -0.0781116    0.00105095    -0.0770607    
0.677962   0.997706    -0.0782003    0.00104332    -0.077157    
0.678262   0.997715    -0.0782976    0.00104046    -0.0772572    
0.678561   0.997727    -0.0783787    0.00103378    -0.0773449    
0.678861   0.997737    -0.0784397    0.00102901    -0.0774107    
0.67916   0.997757    -0.0785208    0.00102139    -0.0774994    
0.67946   0.997764    -0.0786085    0.00101948    -0.077589    
0.679759   0.997775    -0.078702    0.00101471    -0.0776873    
0.680058   0.997784    -0.0787802    0.00100899    -0.0777712    
0.680358   0.997796    -0.0788784    0.00100422    -0.0778742    
0.680657   0.997809    -0.0789652    0.000999451    -0.0779657    
0.680957   0.997821    -0.0790777    0.000993729    -0.078084    
0.681256   0.997833    -0.0791616    0.000990868    -0.0781708    
0.681556   0.997847    -0.0792284    0.000981331    -0.0782471    
0.681855   0.997857    -0.079319    0.000975609    -0.0783434    
0.682155   0.997865    -0.0794134    0.000971794    -0.0784416    
0.682454   0.997876    -0.0795097    0.000966072    -0.0785437    
0.682754   0.997882    -0.0795927    0.000962257    -0.0786304    
0.683053   0.997888    -0.0796661    0.000959396    -0.0787067    
0.683352   0.997898    -0.0797558    0.000955582    -0.0788002    
0.683652   0.997933    -0.0798435    0.000950813    -0.0788927    
0.683951   0.997953    -0.0799093    0.000943184    -0.0789661    
0.684251   0.997967    -0.079978    0.000937462    -0.0790405    
0.68455   0.997977    -0.0800657    0.000930786    -0.0791349    
0.68485   0.997998    -0.080164    0.000923157    -0.0792408    
0.685149   0.998018    -0.0802412    0.000917435    -0.0793238    
0.685449   0.998029    -0.0803204    0.000910759    -0.0794096    
0.685748   0.998032    -0.0803928    0.000908852    -0.079484    
0.686048   0.99805    -0.0804796    0.000902176    -0.0795774    
0.686347   0.99806    -0.0805521    0.000899315    -0.0796528    
0.686646   0.998065    -0.0806522    0.000897408    -0.0797548    
0.686946   0.998074    -0.0807352    0.000893593    -0.0798416    
0.687245   0.998082    -0.0808229    0.000891685    -0.0799313    
0.687545   0.998094    -0.0808983    0.000885963    -0.0800123    
0.687844   0.998105    -0.0809927    0.000880241    -0.0801125    
0.688144   0.998124    -0.0810785    0.000869751    -0.0802088    
0.688443   0.998135    -0.0811481    0.00086689    -0.0802813    
0.688743   0.998138    -0.0812464    0.000864983    -0.0803814    
0.689042   0.998147    -0.0813379    0.000862122    -0.0804758    
0.689342   0.998154    -0.081419    0.000859261    -0.0805597    
0.689641   0.998162    -0.0814695    0.000854492    -0.080615    
0.68994   0.998204    -0.0815382    0.000850677    -0.0806875    
0.69024   0.998218    -0.0816097    0.000845909    -0.0807638    
0.690539   0.998232    -0.0816965    0.000840187    -0.0808563    
0.690839   0.998263    -0.0817633    0.00083065    -0.0809326    
0.691138   0.998274    -0.081831    0.000827789    -0.0810032    
0.691438   0.99828    -0.0819206    0.000825882    -0.0810947    
0.691737   0.998284    -0.0820084    0.000823021    -0.0811853    
0.692037   0.998309    -0.082098    0.000811577    -0.0812864    
0.692336   0.998319    -0.0821896    0.000806808    -0.0813828    
0.692636   0.998327    -0.0822649    0.00080204    -0.0814629    
0.692935   0.998344    -0.0823383    0.000797272    -0.0815411    
0.693234   0.998359    -0.0824175    0.000792503    -0.081625    
0.693534   0.998361    -0.0825024    0.000790596    -0.0817118    
0.693833   0.998374    -0.0825758    0.000787735    -0.0817881    
0.694133   0.998384    -0.0826588    0.000782013    -0.0818768    
0.694432   0.998393    -0.0827417    0.000777245    -0.0819645    
0.694732   0.998401    -0.0828438    0.000772476    -0.0820713    
0.695031   0.998408    -0.0829201    0.000767708    -0.0821524    
0.695331   0.998413    -0.0830002    0.000764847    -0.0822353    
0.69563   0.998426    -0.0830812    0.000758171    -0.0823231    
0.69593   0.998434    -0.0831757    0.000753403    -0.0824223    
0.696229   0.998437    -0.0832491    0.000751495    -0.0824976    
0.696528   0.998443    -0.0833302    0.000748634    -0.0825815    
0.696828   0.998455    -0.0833988    0.000743866    -0.082655    
0.697127   0.998472    -0.0834627    0.000741005    -0.0827217    
0.697427   0.998482    -0.0835257    0.00073719    -0.0827885    
0.697726   0.998499    -0.0835838    0.000734329    -0.0828495    
0.698026   0.998512    -0.0836687    0.000731468    -0.0829372    
0.698325   0.998518    -0.083745    0.000727654    -0.0830173    
0.698625   0.998526    -0.0838232    0.000724792    -0.0830984    
0.698924   0.998529    -0.0839109    0.000722885    -0.0831881    
0.699224   0.998535    -0.0839872    0.00071907    -0.0832682    
0.699523   0.998541    -0.0840559    0.000715256    -0.0833406    
0.699822   0.99855    -0.0841303    0.000710487    -0.0834198    
