1   0.394086   0.0255917   0.0649394
2   0.378687   0.0101919   0.0269139
3   0.369777   0.00573716   0.0155152
4   0.364746   0.00406016   0.0111315
5   0.361934   0.00335726   0.00927587
6   0.359126   0.00279562   0.00778449
7   0.356658   0.00238431   0.00668512
8   0.354709   0.00210579   0.00593668
9   0.352872   0.00187623   0.00531702
10   0.351205   0.00169096   0.00481473
11   0.349653   0.00153574   0.0043922
12   0.348254   0.0014086   0.00404475
13   0.346928   0.00129813   0.00374179
14   0.345703   0.00120385   0.00348233
15   0.344574   0.00112321   0.0032597
16   0.343489   0.00105086   0.00305938
17   0.342513   0.000989866   0.00289001
18   0.341568   0.000934286   0.00273529
19   0.340686   0.000885282   0.00259853
20   0.339845   0.000841017   0.00247471
21   0.339035   0.000800529   0.0023612
22   0.338252   0.000763264   0.00225649
23   0.337495   0.000728817   0.00215949
24   0.336786   0.000698023   0.0020726
25   0.336103   0.000669532   0.00199205
26   0.335438   0.000642934   0.0019167
27   0.33482   0.000619173   0.00184927
28   0.334232   0.00059742   0.00178744
29   0.333663   0.000577097   0.00172958
30   0.333097   0.000557566   0.00167388
31   0.332554   0.000539451   0.00162215
32   0.332018   0.000522175   0.00157273
33   0.331487   0.000505586   0.0015252
34   0.331022   0.000491505   0.00148481
35   0.33052   0.000476718   0.00144233
36   0.33006   0.000463595   0.00140458
37   0.329586   0.000450425   0.00136664
38   0.329133   0.000438175   0.0013313
39   0.328676   0.000426135   0.00129652
40   0.328208   0.000414138   0.00126182
41   0.327769   0.000403171   0.00123005
42   0.327356   0.0003931   0.00120083
43   0.326974   0.000383997   0.0011744
44   0.326607   0.000375462   0.00114958
45   0.326234   0.000366988   0.00112492
46   0.325872   0.000358944   0.00110149
47   0.325502   0.0003509   0.00107803
48   0.325127   0.000342927   0.00105475
49   0.324768   0.000335441   0.00103286
50   0.324414   0.000328217   0.00101172
51   0.324074   0.000321417   0.000991801
52   0.32377   0.000315461   0.000974337
53   0.323471   0.000309701   0.000957432
54   0.323158   0.000303798   0.000940091
55   0.322834   0.000297809   0.000922482
56   0.32254   0.000292459   0.000906736
57   0.322251   0.00028729   0.00089151
58   0.32196   0.000282192   0.000876482
59   0.321667   0.000277147   0.000861596
60   0.321382   0.000272303   0.000847288
61   0.321086   0.000267372   0.000832713
62   0.320814   0.000262914   0.000819521
63   0.320556   0.000258751   0.000807195
64   0.320284   0.000254445   0.000794435
65   0.320034   0.000250525   0.00078281
66   0.319776   0.000246563   0.000771049
67   0.319544   0.000243053   0.000760625
68   0.319269   0.000238943   0.000748407
69   0.319021   0.000235295   0.000737554
70   0.318773   0.0002317   0.00072685
71   0.318518   0.000228062   0.000716008
72   0.318286   0.000224786   0.000706239
73   0.318058   0.000221629   0.000696819
74   0.317844   0.000218697   0.000688062
75   0.317615   0.000215597   0.000678801
76   0.317408   0.000212836   0.000670545
77   0.31719   0.000209966   0.000661956
78   0.316981   0.000207262   0.000653862
79   0.316761   0.000204434   0.00064539
80   0.316528   0.000201488   0.000636555
81   0.316322   0.000198908   0.000628815
82   0.316125   0.000196476   0.000621514
83   0.315898   0.000193715   0.00061322
84   0.315691   0.000191216   0.000605708
85   0.315507   0.000189023   0.000599109
86   0.315341   0.000187078   0.000593254
87   0.315137   0.000184698   0.000586089
88   0.314947   0.000182514   0.000579508
89   0.314753   0.000180316   0.00057288
90   0.314577   0.000178332   0.000566896
91   0.314373   0.000176072   0.000560073
92   0.314162   0.000173755   0.000553073
93   0.313985   0.000171828   0.00054725
94   0.313818   0.000170026   0.000541798
95   0.313638   0.000168118   0.000536027
96   0.313474   0.000166388   0.000530786
97   0.313311   0.000164695   0.000525659
98   0.313118   0.000162706   0.000519632
99   0.312939   0.00016088   0.000514093
100   0.312791   0.000159378   0.000509536
101   0.312638   0.000157847   0.000504889
102   0.312461   0.000156102   0.000499589
103   0.312294   0.000154462   0.000494604
104   0.312143   0.000152993   0.000490138
105   0.312006   0.000151682   0.00048615
106   0.311838   0.000150075   0.00048126
107   0.311688   0.000148659   0.000476948
108   0.311534   0.000147219   0.000472561
109   0.31139   0.000145893   0.000468522
110   0.311237   0.000144482   0.000464218
111   0.311089   0.000143142   0.000460131
112   0.310947   0.000141859   0.000456217
113   0.31077   0.000140281   0.000451397
114   0.31061   0.000138865   0.00044707
115   0.310455   0.000137506   0.000442916
116   0.310329   0.000136414   0.000439577
117   0.3102   0.000135298   0.000436163
118   0.310049   0.00013401   0.000432222
119   0.309927   0.000132976   0.000429054
120   0.309784   0.000131769   0.000425359
121   0.309659   0.00013073   0.000422173
122   0.309533   0.000129685   0.000418972
123   0.309377   0.000128412   0.000415067
124   0.309238   0.000127277   0.000411584
125   0.309079   0.000125999   0.000407661
126   0.308958   0.000125031   0.000404687
127   0.308836   0.000124059   0.000401698
128   0.308739   0.000123296   0.000399353
129   0.308634   0.00012248   0.000396846
130   0.308522   0.000121608   0.000394163
131   0.308387   0.000120568   0.000390965
132   0.308262   0.000119619   0.000388044
133   0.308136   0.000118661   0.000385093
134   0.308014   0.000117745   0.000382273
135   0.307894   0.000116849   0.00037951
136   0.307769   0.000115924   0.000376659
137   0.307667   0.00011517   0.000374335
138   0.307579   0.000114532   0.000372364
139   0.307453   0.000113621   0.000369554
140   0.307329   0.000112724   0.000366787
141   0.30722   0.000111947   0.000364387
142   0.307094   0.000111055   0.000361633
143   0.306993   0.000110345   0.000359437
144   0.306861   0.00010942   0.000356578
145   0.306746   0.000108619   0.0003541
146   0.306629   0.000107813   0.000351607
147   0.306502   0.00010694   0.000348906
148   0.306389   0.000106173   0.000346529
149   0.306272   0.000105381   0.000344077
150   0.306159   0.000104623   0.000341728
151   0.306055   0.000103931   0.000339584
152   0.305945   0.000103207   0.000337337
153   0.305844   0.000102539   0.000335266
154   0.305716   0.000101705   0.000332676
155   0.305613   0.000101037   0.000330604
156   0.30551   0.000100369   0.000328531
157   0.305389   9.95922e-05   0.000326116
158   0.3053   9.90295e-05   0.000324368
159   0.30519   9.83334e-05   0.000322203
160   0.305093   9.7723e-05   0.000320305
161   0.304977   9.69982e-05   0.000318051
162   0.304873   9.63497e-05   0.000316032
163   0.304769   9.57108e-05   0.000314043
164   0.304675   9.51338e-05   0.000312246
165   0.304559   9.44233e-05   0.000310033
166   0.304443   9.37223e-05   0.000307848
167   0.304352   9.3174e-05   0.000306139
168   0.304273   9.26971e-05   0.000304652
169   0.304179   9.21392e-05   0.000302911
170   0.304087   9.15956e-05   0.000301215
171   0.303995   9.10568e-05   0.000299534
172   0.303883   9.03988e-05   0.000297479
173   0.303811   8.99839e-05   0.000296183
174   0.303718   8.94451e-05   0.0002945
175   0.303615   8.88538e-05   0.000292653
176   0.303524   8.83341e-05   0.000291028
177   0.303444   8.78763e-05   0.000289597
178   0.303369   8.74519e-05   0.000288269
179   0.303272   8.69083e-05   0.000286569
180   0.30318   8.63934e-05   0.000284957
181   0.303064   8.57496e-05   0.000282942
182   0.30296   8.51774e-05   0.00028115
183   0.302856   8.46052e-05   0.000279358
184   0.30276   8.40807e-05   0.000277714
185   0.302667   8.35752e-05   0.000276129
186   0.30257   8.30507e-05   0.000274484
187   0.30247   8.25119e-05   0.000272794
188   0.30238   8.20303e-05   0.000271282
189   0.302306   8.16393e-05   0.000270055
190   0.302204   8.10957e-05   0.000268348
191   0.302127   8.06904e-05   0.000267075
192   0.302056   8.03185e-05   0.000265906
193   0.30197   7.9875e-05   0.000264513
194   0.301878   7.93934e-05   0.000262999
195   0.301784   7.89118e-05   0.000261484
196   0.301719   7.8578e-05   0.000260434
197   0.301615   7.80487e-05   0.000258769
198   0.301553   7.7734e-05   0.000257779
199   0.301469   7.73096e-05   0.000256443
200   0.301371   7.68137e-05   0.000254881
201   0.301302   7.64704e-05   0.0002538
202   0.301211   7.60174e-05   0.000252373
203   0.301139   7.56598e-05   0.000251246
204   0.301045   7.51972e-05   0.000249788
205   0.300969   7.48253e-05   0.000248615
206   0.300902   7.4501e-05   0.000247592
207   0.300824   7.41196e-05   0.000246389
208   0.300765   7.38335e-05   0.000245486
209   0.300661   7.33376e-05   0.000243921
210   0.300612   7.30991e-05   0.000243168
211   0.300555   7.28321e-05   0.000242325
212   0.300476   7.24554e-05   0.000241135
213   0.300427   7.22265e-05   0.000240413
214   0.300362   7.19213e-05   0.000239449
215   0.300277   7.15208e-05   0.000238183
216   0.300186   7.10964e-05   0.000236842
217   0.300137   7.08723e-05   0.000236133
218   0.300054   7.04908e-05   0.000234927
219   0.300001   7.02477e-05   0.000234158
220   0.299939   6.99615e-05   0.000233253
221   0.299858   6.95944e-05   0.000232091
222   0.299787   6.92749e-05   0.00023108
223   0.299712   6.89363e-05   0.000230009
224   0.299646   6.86407e-05   0.000229073
225   0.299579   6.83403e-05   0.000228121
226   0.299505   6.80113e-05   0.000227079
227   0.299418   6.7625e-05   0.000225855
228   0.299344   6.73008e-05   0.000224828
229   0.2993   6.71101e-05   0.000224223
230   0.299224   6.67763e-05   0.000223165
231   0.299156   6.64806e-05   0.000222227
232   0.299094   6.62136e-05   0.00022138
233   0.299015   6.58703e-05   0.000220291
234   0.298973   6.56891e-05   0.000219716
235   0.298903   6.53934e-05   0.000218778
236   0.298815   6.50167e-05   0.000217582
237   0.298747   6.47306e-05   0.000216674
238   0.298686   6.44732e-05   0.000215856
239   0.298619   6.41918e-05   0.000214962
240   0.298575   6.40059e-05   0.000214371
241   0.298508   6.37293e-05   0.000213492
242   0.298434   6.34193e-05   0.000212507
243   0.298356   6.30999e-05   0.000211492
244   0.298316   6.2933e-05   0.000210961
245   0.298257   6.26898e-05   0.000210187
246   0.29819   6.2418e-05   0.000209323
247   0.298095   6.20317e-05   0.000208094
248   0.298041   6.18124e-05   0.000207396
249   0.297993   6.16217e-05   0.000206789
250   0.297921   6.13308e-05   0.000205863
251   0.297879   6.11639e-05   0.000205331
252   0.297816   6.09112e-05   0.000204526
253   0.297727   6.05583e-05   0.000203402
254   0.297682   6.03819e-05   0.00020284
255   0.297602   6.00672e-05   0.000201837
256   0.297545   5.98431e-05   0.000201123
257   0.297488   5.96189e-05   0.000200408
258   0.297427   5.93805e-05   0.000199648
259   0.297368   5.91516e-05   0.000198918
260   0.297271   5.87797e-05   0.000197731
261   0.297217   5.85699e-05   0.000197061
262   0.297137   5.82647e-05   0.000196087
263   0.297112   5.81694e-05   0.000195783
264   0.297026   5.78403e-05   0.000194732
265   0.29697   5.76305e-05   0.000194062
266   0.296916   5.74255e-05   0.000193407
267   0.29687   5.72538e-05   0.000192858
268   0.296806   5.70154e-05   0.000192096
269   0.29675   5.68056e-05   0.000191426
270   0.296681   5.65481e-05   0.000190602
271   0.296626   5.63431e-05   0.000189947
272   0.29656   5.60999e-05   0.000189169
273   0.296518   5.59473e-05   0.000188681
274   0.296456   5.57184e-05   0.000187949
275   0.29639   5.548e-05   0.000187186
276   0.296326   5.52464e-05   0.000186438
277   0.296259   5.50032e-05   0.000185659
278   0.296197   5.47791e-05   0.000184941
279   0.296141   5.45788e-05   0.0001843
280   0.296105   5.445e-05   0.000183887
281   0.296043   5.42259e-05   0.000183169
282   0.295974   5.39827e-05   0.00018239
283   0.295899   5.37157e-05   0.000181534
284   0.295833   5.34821e-05   0.000180785
285   0.295777   5.32866e-05   0.000180158
286   0.2957   5.30148e-05   0.000179286
287   0.295622   5.2743e-05   0.000178413
288   0.295588   5.26237e-05   0.000178031
289   0.295519   5.23853e-05   0.000177265
290   0.295445   5.21278e-05   0.000176438
291   0.295383   5.19133e-05   0.000175749
292   0.295316   5.16844e-05   0.000175014
293   0.295273   5.15366e-05   0.000174539
294   0.295202   5.12934e-05   0.000173757
295   0.295155   5.1136e-05   0.000173251
296   0.295086   5.09024e-05   0.0001725
297   0.295045   5.07641e-05   0.000172055
298   0.295007   5.06353e-05   0.000171641
299   0.29497   5.05114e-05   0.000171242
300   0.294916   5.03302e-05   0.000170659
301   0.294879   5.02062e-05   0.00017026
302   0.294829   5.00393e-05   0.000169723
303   0.294788   4.99058e-05   0.000169294
304   0.294723   4.96912e-05   0.000168603
305   0.294658   4.94766e-05   0.000167912
306   0.294601   4.92907e-05   0.000167313
307   0.294537   4.90808e-05   0.000166637
308   0.294471   4.88663e-05   0.000165946
309   0.294442   4.87709e-05   0.000165638
310   0.294365   4.85229e-05   0.000164839
311   0.294315   4.83608e-05   0.000164317
312   0.29426   4.81844e-05   0.000163748
313   0.294204   4.80032e-05   0.000163163
314   0.294174   4.79078e-05   0.000162856
315   0.294108   4.7698e-05   0.000162179
316   0.294061   4.75502e-05   0.000161702
317   0.294012   4.73928e-05   0.000161194
318   0.293959   4.7226e-05   0.000160655
319   0.293924   4.71163e-05   0.000160301
320   0.293884   4.69923e-05   0.000159901
321   0.293826   4.68111e-05   0.000159316
322   0.293768   4.66299e-05   0.00015873
323   0.293716   4.64678e-05   0.000158207
324   0.293668   4.632e-05   0.000157729
325   0.29364   4.62341e-05   0.000157452
326   0.29358   4.60482e-05   0.000156851
327   0.293541   4.5929e-05   0.000156465
328   0.293508   4.58288e-05   0.000156141
329   0.293436   4.56095e-05   0.000155432
330   0.293405   4.55141e-05   0.000155124
331   0.293352   4.5352e-05   0.000154599
332   0.293276   4.51231e-05   0.000153859
333   0.293217   4.49467e-05   0.000153288
334   0.293165   4.47893e-05   0.000152779
335   0.293106   4.46129e-05   0.000152207
336   0.293068   4.44984e-05   0.000151837
337   0.293037   4.44078e-05   0.000151543
338   0.292992   4.42743e-05   0.000151111
339   0.292944   4.41313e-05   0.000150648
340   0.292905   4.40168e-05   0.000150277
341   0.292855   4.3869e-05   0.000149798
342   0.292803   4.37164e-05   0.000149303
343   0.292736   4.35209e-05   0.00014867
344   0.292669   4.33254e-05   0.000148036
345   0.29261   4.31538e-05   0.000147479
346   0.292575   4.30536e-05   0.000147154
347   0.292532   4.29296e-05   0.000146752
348   0.292486   4.27961e-05   0.000146319
349   0.292446   4.26817e-05   0.000145947
350   0.292409   4.25768e-05   0.000145607
351   0.292364   4.2448e-05   0.000145189
352   0.292331   4.23527e-05   0.000144879
353   0.292287   4.22287e-05   0.000144477
354   0.292274   4.21906e-05   0.000144353
355   0.29221   4.20094e-05   0.000143764
356   0.292174   4.19092e-05   0.000143439
357   0.292125   4.17709e-05   0.00014299
358   0.292089   4.16708e-05   0.000142665
359   0.29207   4.16183e-05   0.000142494
360   0.292031   4.15087e-05   0.000142138
361   0.291997   4.14133e-05   0.000141828
362   0.291948   4.12798e-05   0.000141394
363   0.291878   4.10843e-05   0.000140759
364   0.291821   4.09269e-05   0.000140247
365   0.291763   4.07696e-05   0.000139735
366   0.29173   4.0679e-05   0.00013944
367   0.291681   4.05455e-05   0.000139006
368   0.291638   4.04263e-05   0.000138618
369   0.29161   4.035e-05   0.00013837
370   0.291564   4.0226e-05   0.000137966
371   0.291544   4.01735e-05   0.000137796
372   0.291484   4.00114e-05   0.000137268
373   0.291451   3.99208e-05   0.000136973
374   0.291404   3.97968e-05   0.000136569
375   0.291356   3.96681e-05   0.00013615
376   0.291322   3.95775e-05   0.000135855
377   0.291261   3.94154e-05   0.000135326
378   0.291236   3.93486e-05   0.000135109
379   0.291207   3.92723e-05   0.00013486
380   0.291157   3.91388e-05   0.000134425
381   0.291137   3.90863e-05   0.000134254
382   0.291088   3.89576e-05   0.000133835
383   0.291004   3.87383e-05   0.000133119
384   0.290969   3.86477e-05   0.000132824
385   0.290934   3.85571e-05   0.000132528
386   0.290887   3.84331e-05   0.000132124
387   0.290866   3.83806e-05   0.000131953
388   0.290818   3.82566e-05   0.000131548
389   0.290768   3.81279e-05   0.000131128
390   0.290728   3.8023e-05   0.000130786
391   0.290698   3.79467e-05   0.000130537
392   0.29067   3.78752e-05   0.000130303
393   0.290655   3.7837e-05   0.000130179
394   0.290606   3.77131e-05   0.000129774
395   0.290584   3.76558e-05   0.000129587
396   0.290546   3.75605e-05   0.000129275
397   0.290535   3.75319e-05   0.000129182
398   0.29052   3.74937e-05   0.000129057
399   0.29047   3.73697e-05   0.000128653
400   0.290432   3.72744e-05   0.000128341
401   0.290384   3.71552e-05   0.000127952
402   0.290362   3.70979e-05   0.000127765
403   0.290319   3.6993e-05   0.000127422
404   0.290298   3.69406e-05   0.00012725
405   0.290238   3.67928e-05   0.000126767
406   0.290202   3.67022e-05   0.000126471
407   0.290165   3.66116e-05   0.000126175
408   0.290124   3.65114e-05   0.000125848
409   0.290097   3.64447e-05   0.000125629
