1   0.394087   0.0255422   0.0648137
2   0.363359   0.0101785   0.0280123
3   0.345526   0.00572004   0.0165546
4   0.335501   0.00404921   0.0120691
5   0.329766   0.00333233   0.0101051
6   0.324227   0.00277848   0.00856956
7   0.319327   0.00237017   0.00742238
8   0.315525   0.00209856   0.00665102
9   0.311989   0.00187759   0.00601814
10   0.30856   0.0016871   0.00546764
11   0.305584   0.00153828   0.00503389
12   0.302748   0.00140939   0.00465531
13   0.300057   0.00129724   0.0043233
14   0.29771   0.00120697   0.00405418
15   0.295273   0.00111995   0.00379292
16   0.293079   0.0010468   0.00357174
17   0.290935   0.000979805   0.00336778
18   0.28928   0.00093112   0.00321875
19   0.287541   0.000882816   0.00307023
20   0.285847   0.000838232   0.00293245
21   0.284109   0.000794792   0.00279749
22   0.282425   0.00075469   0.00267218
23   0.281   0.000722313   0.00257051
24   0.27957   0.000691223   0.00247245
25   0.278146   0.000661564   0.00237847
26   0.276787   0.000634384   0.00229196
27   0.27549   0.000609446   0.00221222
28   0.274386   0.000588989   0.00214657
29   0.273238   0.000568485   0.00208055
30   0.272134   0.000549459   0.00201908
31   0.271167   0.000533342   0.00196684
32   0.270055   0.000515413   0.00190855
33   0.269216   0.0005023   0.00186579
34   0.268127   0.000485802   0.00181183
35   0.267236   0.000472689   0.00176881
36   0.266321   0.000459623   0.00172582
37   0.26538   0.000446558   0.00168271
38   0.264586   0.000435829   0.00164721
39   0.263894   0.000426722   0.00161702
40   0.263083   0.000416327   0.00158249
41   0.262084   0.000403833   0.00154085
42   0.26131   0.000394392   0.00150929
43   0.260525   0.000385046   0.00147796
44   0.259778   0.000376368   0.0014488
45   0.25909   0.000368547   0.00142247
46   0.258318   0.000359964   0.00139349
47   0.257611   0.000352287   0.00136751
48   0.256841   0.000344086   0.00133969
49   0.256213   0.000337553   0.00131747
50   0.255498   0.000330257   0.0012926
51   0.254759   0.000322866   0.00126734
52   0.2542   0.000317383   0.00124856
53   0.25363   0.000311899   0.00122974
54   0.253053   0.000306463   0.00121106
55   0.252363   0.000300074   0.00118905
56   0.251655   0.000293636   0.00116682
57   0.250988   0.000287676   0.00114618
58   0.250422   0.000282717   0.00112896
59   0.24977   0.00027709   0.00110938
60   0.249089   0.00027132   0.00108925
61   0.248499   0.000266409   0.00107207
62   0.247999   0.000262308   0.0010577
63   0.247485   0.00025816   0.00104313
64   0.246872   0.000253296   0.00102602
65   0.24628   0.000248671   0.00100971
66   0.245765   0.000244713   0.000995717
67   0.245287   0.000241089   0.000982885
68   0.244706   0.00023675   0.000967488
69   0.24418   0.000232887   0.000953751
70   0.243647   0.000229025   0.000939985
71   0.243213   0.000225925   0.000928919
72   0.24276   0.000222731   0.000917494
73   0.242403   0.000220251   0.000908617
74   0.241867   0.000216579   0.00089545
75   0.241175   0.000211906   0.000878642
76   0.240789   0.000209332   0.000869358
77   0.240405   0.000206804   0.000860234
78   0.239964   0.000203943   0.000849891
79   0.239763   0.000202656   0.000845233
80   0.239258   0.000199461   0.000833664
81   0.238923   0.000197363   0.000826053
82   0.238482   0.000194645   0.000816182
83   0.238107   0.000192356   0.000807856
84   0.237529   0.000188875   0.000795166
85   0.237225   0.000187063   0.000788548
86   0.237038   0.000185966   0.000784542
87   0.236702   0.000184011   0.000777397
88   0.236304   0.000181723   0.000769021
89   0.236136   0.000180769   0.000765529
90   0.235763   0.000178671   0.000757843
91   0.235325   0.000176239   0.000748918
92   0.234969   0.000174284   0.000741732
93   0.234671   0.000172663   0.000735766
94   0.23436   0.000170994   0.00072962
95   0.23402   0.000169182   0.000722939
96   0.233594   0.000166941   0.000714662
97   0.233401   0.000165939   0.000710961
98   0.233078   0.00016427   0.000704788
99   0.232601   0.000161839   0.000695777
100   0.232261   0.000160122   0.000689405
101   0.231727   0.000157452   0.00067947
102   0.231506   0.000156355   0.000675383
103   0.231126   0.000154495   0.000668445
104   0.230773   0.000152779   0.000662031
105   0.230416   0.000151062   0.000655607
106   0.230155   0.000149822   0.000650962
107   0.229801   0.000148153   0.000644702
108   0.229485   0.000146675   0.000639149
109   0.229135   0.000145054   0.00063305
110   0.229   0.000144434   0.000630717
111   0.228716   0.000143147   0.000625869
112   0.228505   0.000142193   0.000622275
113   0.22827   0.000141144   0.00061832
114   0.227914   0.00013957   0.000612381
115   0.227718   0.000138712   0.000609138
116   0.227367   0.000137186   0.000603367
117   0.226991   0.000135565   0.000597224
118   0.226712   0.000134373   0.000592701
119   0.226341   0.000132799   0.000586721
120   0.226125   0.000131893   0.000583274
121   0.225885   0.000130892   0.000579462
122   0.225585   0.000129652   0.000574737
123   0.225387   0.000128841   0.000571644
124   0.224988   0.00012722   0.000565452
125   0.224752   0.000126266   0.000561804
126   0.224621   0.000125742   0.000559797
127   0.224368   0.000124741   0.000555963
128   0.223981   0.000123215   0.000550113
129   0.22359   0.000121689   0.000544249
130   0.22316   0.00012002   0.000537821
131   0.222775   0.000118542   0.000532113
132   0.222401   0.000117111   0.000526578
133   0.222275   0.000116634   0.000524731
134   0.222072   0.000115871   0.000521775
135   0.221906   0.000115252   0.000519372
136   0.221558   0.000113964   0.000514376
137   0.221415   0.00011344   0.000512338
138   0.221232   0.000112772   0.000509744
139   0.220864   0.000111437   0.00050455
140   0.220798   0.000111198   0.000503621
141   0.220491   0.000110102   0.000499349
142   0.220343   0.000109577   0.000497304
143   0.220234   0.000109196   0.000495816
144   0.220084   0.000108671   0.000493771
145   0.219851   0.000107861   0.000490608
146   0.219643   0.000107145   0.000487815
147   0.219476   0.000106573   0.000485579
148   0.219266   0.000105858   0.000482783
149   0.21904   0.000105095   0.000479797
150   0.21887   0.000104523   0.000477557
151   0.218684   0.000103903   0.000475128
152   0.218439   0.000103092   0.00047195
153   0.218134   0.000102091   0.000468018
154   0.218032   0.000101757   0.000466706
155   0.217797   0.000100994   0.000463707
156   0.217709   0.000100708   0.000462581
157   0.217471   9.99451e-05   0.00045958
158   0.217276   9.93252e-05   0.000457138
159   0.217306   9.94205e-05   0.000457514
160   0.21717   9.89914e-05   0.000455825
161   0.217078   9.87053e-05   0.000454699
162   0.216863   9.80377e-05   0.000452072
163   0.216585   9.71794e-05   0.000448689
164   0.216321   9.63688e-05   0.00044549
165   0.216336   9.64165e-05   0.000445678
166   0.216226   9.60827e-05   0.000444362
167   0.215846   9.49383e-05   0.000439842
168   0.215592   9.41753e-05   0.000436823
169   0.215399   9.36031e-05   0.000434556
170   0.215415   9.36508e-05   0.000434745
171   0.215383   9.35555e-05   0.000434368
172   0.215171   9.29356e-05   0.000431915
173   0.214925   9.22203e-05   0.000429082
174   0.21471   9.16004e-05   0.000426623
175   0.214528   9.10759e-05   0.000424541
176   0.214227   9.02176e-05   0.00042113
177   0.213942   8.9407e-05   0.000417903
178   0.213706   8.87394e-05   0.000415241
179   0.213587   8.84056e-05   0.000413909
180   0.213314   8.76427e-05   0.000410863
181   0.213074   8.69751e-05   0.000408193
182   0.212746   8.60691e-05   0.000404564
183   0.212485   8.53539e-05   0.000401693
184   0.212066   8.42094e-05   0.00039709
185   0.211786   8.34465e-05   0.000394014
186   0.211644   8.3065e-05   0.000392474
187   0.211556   8.28266e-05   0.000391512
188   0.211431   8.24928e-05   0.000390164
189   0.211323   8.22067e-05   0.000389009
190   0.211251   8.2016e-05   0.000388239
191   0.211016   8.13961e-05   0.000385735
192   0.210943   8.12054e-05   0.000384964
193   0.210851   8.09669e-05   0.000384
194   0.210741   8.06808e-05   0.000382844
195   0.210574   8.02517e-05   0.000381109
196   0.210388   7.97749e-05   0.000379179
197   0.210145   7.9155e-05   0.000376668
198   0.209882   7.84874e-05   0.000373959
199   0.20975   7.81536e-05   0.000372603
200   0.209522   7.75814e-05   0.000370277
201   0.209332   7.71046e-05   0.000368337
202   0.209217   7.68185e-05   0.000367172
203   0.209101   7.65324e-05   0.000366007
204   0.20883   7.58648e-05   0.000363285
