1   0.394087   0.0256746   0.0651497
2   0.378607   0.0101945   0.0269265
3   0.36971   0.00574617   0.0155424
4   0.364674   0.00406766   0.0111542
5   0.361824   0.00335512   0.00927279
6   0.359011   0.00279255   0.00777844
7   0.356542   0.00238104   0.00667814
8   0.35459   0.00210209   0.00592823
9   0.352762   0.00187359   0.0053112
10   0.351133   0.00169258   0.00482035
11   0.349677   0.001547   0.00442409
12   0.348196   0.00141234   0.00405618
13   0.34687   0.00130186   0.00375317
14   0.345641   0.0012073   0.00349295
15   0.344538   0.00112853   0.00327549
16   0.343463   0.00105691   0.00307721
17   0.342435   0.000992632   0.00289875
18   0.341427   0.000933313   0.00273357
19   0.340537   0.000883865   0.00259551
20   0.339722   0.000840998   0.00247555
21   0.338929   0.000801325   0.00236429
22   0.338157   0.000764561   0.00226097
23   0.337451   0.00073247   0.0021706
24   0.33663   0.000696802   0.00206993
25   0.335948   0.000668383   0.00198954
26   0.335245   0.000640249   0.0019098
27   0.334554   0.000613689   0.00183435
28   0.333954   0.000591469   0.00177111
29   0.333351   0.000569916   0.00170966
30   0.332758   0.000549459   0.00165123
31   0.332238   0.00053215   0.00160171
32   0.331669   0.000513792   0.00154911
33   0.331117   0.000496531   0.00149956
34   0.330605   0.000481033   0.00145501
35   0.330117   0.000466681   0.00141368
36   0.329617   0.000452375   0.00137243
37   0.329181   0.000440264   0.00133745
38   0.328729   0.000428057   0.00130216
39   0.328316   0.000417185   0.00127068
40   0.327892   0.000406313   0.00123917
41   0.327478   0.000395966   0.00120914
42   0.327155   0.000388098   0.00118628
43   0.326851   0.00038085   0.00116521
44   0.326427   0.000370979   0.00113649
45   0.32602   0.000361729   0.00110953
46   0.325646   0.000353432   0.00108532
47   0.325262   0.000345087   0.00106095
48   0.324933   0.000338078   0.00104045
49   0.324635   0.000331879   0.00102231
50   0.324353   0.000326109   0.00100541
51   0.324024   0.000319529   0.000986127
52   0.32378   0.00031476   0.000972141
53   0.323359   0.000306654   0.000948339
54   0.323063   0.000301075   0.000931938
55   0.322788   0.000295973   0.000916927
56   0.322444   0.000289726   0.000898532
57   0.322118   0.000283909   0.00088138
58   0.321885   0.000279808   0.000869281
59   0.321594   0.000274801   0.000854497
60   0.32133   0.000270319   0.000841251
61   0.321104   0.000266552   0.000830112
62   0.320798   0.000261545   0.000815295
63   0.320574   0.000257921   0.000804561
64   0.320285   0.000253344   0.000790994
65   0.319995   0.000248814   0.000777554
66   0.31971   0.000244427   0.000764526
67   0.319521   0.000241566   0.000756024
68   0.319301   0.000238276   0.000746241
69   0.319126   0.000235701   0.000738582
70   0.318961   0.000233316   0.000731488
71   0.318744   0.000230217   0.000722262
72   0.318558   0.000227594   0.000714452
73   0.318349   0.000224686   0.000705785
74   0.318136   0.000221777   0.000697113
75   0.317861   0.000218058   0.000686015
76   0.317722   0.000216198   0.000680463
77   0.317512   0.000213432   0.000672203
78   0.317302   0.000210714   0.000664081
79   0.317131   0.000208521   0.000657523
80   0.31692   0.000205851   0.000649535
81   0.316668   0.000202703   0.000640113
82   0.316425   0.000199699   0.000631111
83   0.316218   0.000197172   0.000623533
84   0.316028   0.000194883   0.000616665
85   0.315812   0.000192308   0.000608934
86   0.315613   0.000189972   0.000601914
87   0.315404   0.00018754   0.000594603
88   0.315234   0.000185585   0.000588722
89   0.315058   0.000183582   0.000582695
90   0.314816   0.000180864   0.000574509
91   0.314674   0.000179291   0.000569767
92   0.314448   0.000176811   0.00056229
93   0.31433   0.000175524   0.000558406
94   0.314104   0.000173092   0.000551066
95   0.31388   0.000170708   0.000543864
96   0.313649   0.000168276   0.000536511
97   0.313484   0.000166559   0.000531317
98   0.31329   0.000164557   0.000525254
99   0.313149   0.000163126   0.000520921
100   0.312989   0.000161505   0.000516008
101   0.312874   0.00016036   0.000512539
102   0.312725   0.000158882   0.000508057
103   0.31254   0.00015707   0.00050256
104   0.312354   0.000155258   0.000497059
105   0.312225   0.000154018   0.000493293
106   0.312059   0.000152445   0.000488512
107   0.311872   0.000150681   0.000483148
108   0.311745   0.000149488   0.000479522
109   0.311585   0.00014801   0.000475023
110   0.311409   0.000146389   0.000470087
111   0.31123   0.000144768   0.000465147
112   0.311013   0.000142813   0.000459185
113   0.310922   0.000142002   0.000456712
114   0.310712   0.000140142   0.000451036
115   0.310517   0.000138426   0.000445792
116   0.310259   0.000136185   0.000438939
117   0.310043   0.000134325   0.000433246
118   0.309881   0.000132942   0.00042901
119   0.309814   0.00013237   0.000427257
120   0.309678   0.000131226   0.000423749
121   0.309529   0.000129986   0.000419947
122   0.309419   0.00012908   0.000417168
123   0.309326   0.000128317   0.000414827
124   0.309115   0.0001266   0.000409557
125   0.309062   0.000126171   0.000408239
126   0.30896   0.00012536   0.000405749
127   0.308834   0.000124359   0.000402673
128   0.30881   0.000124168   0.000402087
129   0.308731   0.000123549   0.000400182
130   0.308571   0.000122309   0.000396372
131   0.308335   0.000120497   0.000390798
132   0.308285   0.000120115   0.000389624
133   0.308197   0.000119448   0.000387569
134   0.308115   0.000118828   0.000385661
135   0.308076   0.000118542   0.00038478
136   0.307915   0.00011735   0.00038111
137   0.307831   0.00011673   0.000379201
138   0.30774   0.000116062   0.000377144
139   0.307687   0.000115681   0.000375969
140   0.307601   0.000115061   0.000374059
141   0.307481   0.000114202   0.000371414
142   0.30742   0.000113773   0.000370091
143   0.307264   0.000112677   0.000366709
144   0.307203   0.000112247   0.000365385
145   0.307107   0.00011158   0.000363326
146   0.306989   0.000110769   0.000360824
147   0.306774   0.000109291   0.00035626
148   0.30664   0.000108385   0.00035346
149   0.30645   0.000107098   0.000349478
150   0.306393   0.000106716   0.000348298
151   0.306336   0.000106335   0.000347118
152   0.306221   0.000105572   0.000344757
153   0.306192   0.000105381   0.000344167
154   0.306126   0.000104952   0.000342839
155   0.306038   0.00010438   0.000341068
156   0.305912   0.000103569   0.000338558
157   0.305845   0.00010314   0.000337229
158   0.3058   0.000102854   0.000336343
159   0.305763   0.000102615   0.000335605
160   0.30549   0.000100899   0.000330285
161   0.305307   9.97543e-05   0.000326735
162   0.305176   9.89437e-05   0.000324218
163   0.305045   9.81331e-05   0.000321701
164   0.304975   9.77039e-05   0.000320367
165   0.304936   9.74655e-05   0.000319626
166   0.30481   9.67026e-05   0.000317255
167   0.304707   9.60827e-05   0.000315328
168   0.304643   9.57012e-05   0.000314142
169   0.304515   9.49383e-05   0.000311769
170   0.304402   9.42707e-05   0.000309691
171   0.304256   9.34124e-05   0.000307019
172   0.304101   9.25064e-05   0.000304196
173   0.304003   9.19342e-05   0.000302412
174   0.303896   9.13143e-05   0.000300479
175   0.303788   9.06944e-05   0.000298545
176   0.303688   9.01222e-05   0.000296759
177   0.303595   8.95977e-05   0.000295122
178   0.30346   8.88348e-05   0.000292739
179   0.303426   8.8644e-05   0.000292143
180   0.303273   8.77857e-05   0.000289461
181   0.303144   8.70705e-05   0.000287225
182   0.303041   8.64983e-05   0.000285435
183   0.302928   8.58784e-05   0.000283495
184   0.30284   8.54015e-05   0.000282002
185   0.302753   8.49247e-05   0.000280508
186   0.302691   8.45909e-05   0.000279463
187   0.302505   8.35896e-05   0.000276325
188   0.302433   8.32081e-05   0.000275129
189   0.302299   8.24928e-05   0.000272885
190   0.302227   8.21114e-05   0.000271688
191   0.302227   8.21114e-05   0.000271688
192   0.302127   8.15868e-05   0.000270042
193   0.302081   8.13484e-05   0.000269294
194   0.302026   8.10623e-05   0.000268396
195   0.301924   8.05378e-05   0.000266749
196   0.301877   8.02994e-05   0.000266
197   0.301803   7.99179e-05   0.000264802
198   0.30168   7.9298e-05   0.000262854
199   0.301577   7.87735e-05   0.000261206
200   0.301548   7.86304e-05   0.000260756
201   0.301481   7.82967e-05   0.000259706
202   0.301386   7.78198e-05   0.000258207
203   0.30127   7.72476e-05   0.000256407
204   0.301134   7.658e-05   0.000254305
