1   1498502   773350   0.305408   0.0117747   0.038554
2   680113   295874   0.300797   0.00716427   0.0238176
3   360245   171650   0.295911   0.00472135   0.0159553
4   210286   109291   0.292314   0.00352229   0.0120497
5   146781   75996   0.289746   0.00288019   0.00994039
6   111867   55620   0.287495   0.00243015   0.00845282
7   85379   42504   0.28535   0.00207254   0.00726315
8   65532   33773   0.283442   0.00179995   0.00635032
9   52632   27046   0.281826   0.00159803   0.00567026
10   43255   22228   0.280362   0.00143536   0.00511965
11   36761   18685   0.279025   0.00130167   0.00466506
12   31072   15940   0.277761   0.00118675   0.00427254
13   26471   13781   0.276607   0.00109054   0.00394256
14   23131   11891   0.275558   0.00100986   0.00366478
15   20107   10520   0.274557   0.000938396   0.00341785
16   17678   9228   0.273643   0.000877444   0.00320653
17   15762   8236   0.272784   0.00082372   0.00301968
18   14008   7406   0.27197   0.000775871   0.00285278
19   12939   6774   0.271215   0.000733897   0.00270596
20   11458   6133   0.27047   0.000694701   0.0025685
21   10489   5551   0.269793   0.000660845   0.00244946
22   9644   4933   0.269134   0.00062945   0.0023388
23   8754   4632   0.268475   0.000599499   0.00223298
24   7941   4176   0.267872   0.000573292   0.00214017
25   7513   4001   0.267297   0.000549355   0.00205522
26   6854   3598   0.266739   0.000527026   0.00197581
27   6343   3446   0.266201   0.000506325   0.00190204
28   6062   3132   0.265704   0.000487906   0.00183628
29   5563   2977   0.265182   0.000469278   0.00176964
30   5092   2702   0.264705   0.000452836   0.00171072
31   4895   2571   0.264249   0.000437641   0.00165617
32   4703   2327   0.263791   0.000422866   0.00160303
33   4393   2274   0.263308   0.000407759   0.0015486
34   4145   2090   0.262863   0.000394287   0.00149997
35   3849   2039   0.262419   0.000381222   0.00145272
36   3583   1955   0.262016   0.000369714   0.00141103
37   3460   1883   0.261644   0.000359364   0.00137348
38   3166   1686   0.261273   0.000349337   0.00133706
39   3118   1655   0.260915   0.000339928   0.00130283
40   2974   1567   0.260552   0.000330626   0.00126894
41   2746   1604   0.260195   0.000321681   0.00123631
42   2603   1401   0.259897   0.00031442   0.00120979
43   2507   1303   0.259576   0.000306778   0.00118184
44   2421   1262   0.259247   0.000299123   0.00115382
45   2360   1258   0.258923   0.000291754   0.0011268
46   2324   1188   0.258607   0.000284748   0.00110108
47   2053   1184   0.258275   0.000277526   0.00107454
48   2017   1077   0.258015   0.000272001   0.0010542
49   1978   1101   0.257728   0.000266024   0.00103219
50   1817   1022   0.257455   0.000260448   0.00101163
51   1750   970   0.257203   0.000255394   0.000992968
52   1774   898   0.25695   0.000250435   0.000974646
53   1712   933   0.25666   0.000244865   0.000954046
54   1618   829   0.256398   0.000239913   0.000935706
55   1523   845   0.256127   0.000234896   0.00091711
56   1463   771   0.25589   0.000230586   0.000901114
57   1453   834   0.255643   0.000226186   0.000884773
58   1298   749   0.255419   0.000222251   0.000870142
59   1380   730   0.255216   0.00021876   0.000857156
60   1260   742   0.254973   0.000214628   0.000841767
61   1228   692   0.254775   0.000211334   0.000829494
62   1156   635   0.254567   0.000207926   0.000816784
63   1164   665   0.254362   0.000204614   0.000804421
64   1158   614   0.254162   0.000201441   0.000792572
65   1108   601   0.253941   0.000197983   0.000779642
66   1120   582   0.253731   0.000194759   0.000767582
67   1035   508   0.253505   0.000191339   0.000754773
68   974   549   0.253281   0.000187988   0.000742213
69   932   510   0.253097   0.000185286   0.000732076
70   964   533   0.252912   0.000182603   0.000722003
71   873   490   0.25272   0.000179863   0.000711708
72   880   476   0.252547   0.000177428   0.000702554
73   923   457   0.252362   0.000174859   0.00069289
74   830   484   0.252146   0.000171897   0.000681735
75   832   453   0.251983   0.000169697   0.000673445
76   815   422   0.251802   0.000167287   0.000664359
77   815   443   0.251613   0.000164789   0.00065493
78   762   436   0.25143   0.000162423   0.000645998
79   721   420   0.251269   0.000160351   0.000638164
80   749   418   0.251118   0.000158437   0.000630928
81   707   422   0.250949   0.000156333   0.000622965
82   705   360   0.250802   0.000154521   0.000616105
83   695   351   0.250623   0.000152327   0.000607795
84   659   341   0.250441   0.00015014   0.000599503
85   630   351   0.250271   0.000148118   0.000591831
86   641   321   0.25012   0.000146345   0.000585096
87   589   334   0.249945   0.00014431   0.000577366
88   541   306   0.249804   0.000142689   0.000571202
89   629   294   0.249673   0.000141195   0.000565518
90   594   313   0.249483   0.000139065   0.000557411
91   556   312   0.249323   0.000137278   0.000550605
92   537   288   0.249181   0.000135727   0.000544691
93   533   307   0.249036   0.000134144   0.000538653
94   518   285   0.248902   0.000132707   0.000533169
95   545   274   0.248763   0.000131226   0.000527513
96   477   280   0.248599   0.000129503   0.000520929
97   515   264   0.248479   0.00012825   0.000516141
98   484   264   0.248324   0.000126654   0.000510036
99   468   281   0.248187   0.000125256   0.000504682
100   490   270   0.248069   0.000124067   0.000500129
101   475   246   0.24793   0.000122668   0.000494769
102   456   242   0.247783   0.000121212   0.000489187
103   423   234   0.247644   0.000119851   0.000483967
104   423   224   0.24752   0.00011865   0.000479354
105   393   233   0.247388   0.000117385   0.000474495
106   412   230   0.247282   0.000116367   0.000470586
107   390   240   0.247159   0.00011521   0.000466138
108   401   210   0.247057   0.000114257   0.000462471
109   365   197   0.246926   0.000113042   0.000457798
110   351   205   0.246809   0.000111974   0.000453687
111   349   195   0.246707   0.000111046   0.000450112
112   332   204   0.246599   0.000110067   0.00044634
113   359   212   0.246507   0.000109253   0.000443204
114   351   195   0.246402   0.000108318   0.0004396
115   339   195   0.246289   0.000107327   0.000435775
116   351   201   0.246183   0.000106411   0.000432243
117   317   199   0.246073   0.000105457   0.000428561
118   315   166   0.245985   0.000104707   0.000425665
119   292   205   0.245873   0.00010376   0.000422005
120   334   172   0.245807   0.000103207   0.000419868
121   273   183   0.245684   0.000102177   0.000415887
122   323   165   0.245615   0.000101604   0.000413674
123   321   174   0.245492   0.0001006   0.000409789
124   298   157   0.245377   9.96653e-05   0.000406172
125   274   178   0.245266   9.87689e-05   0.000402701
126   316   179   0.24519   9.81585e-05   0.000400337
127   291   174   0.24508   9.72875e-05   0.000396962
128   280   166   0.244985   9.65436e-05   0.000394079
129   286   144   0.244893   9.58188e-05   0.000391269
130   271   161   0.244776   9.4916e-05   0.000387767
131   291   143   0.244685   9.42167e-05   0.000385053
132   253   154   0.244562   9.32757e-05   0.000381399
133   234   162   0.244479   9.26463e-05   0.000378954
134   228   143   0.244418   9.21885e-05   0.000377176
135   248   135   0.244346   9.16481e-05   0.000375076
136   235   136   0.244249   9.09297e-05   0.000372283
137   263   162   0.244163   9.03002e-05   0.000369836
138   231   134   0.244075   8.96581e-05   0.000367338
139   251   116   0.24399   8.90414e-05   0.000364939
140   246   149   0.243871   8.81831e-05   0.000361598
141   224   125   0.243784   8.75664e-05   0.000359196
142   203   120   0.243696   8.6937e-05   0.000356744
143   199   131   0.243621   8.64093e-05   0.000354688
144   250   108   0.243559   8.59769e-05   0.000353003
145   221   112   0.243429   8.50741e-05   0.000349483
146   208   127   0.243328   8.43811e-05   0.000346779
147   201   112   0.243253   8.38661e-05   0.000344769
148   189   116   0.24317   8.33003e-05   0.00034256
149   231   117   0.243101   8.28362e-05   0.000340748
150   203   114   0.242993   8.21114e-05   0.000337916
151   215   120   0.242908   8.15455e-05   0.000335705
152   203   128   0.242817   8.09415e-05   0.000333344
153   215   110   0.242745   8.04647e-05   0.000331479
154   212   99   0.242643   7.97971e-05   0.000328867
155   214   110   0.242532   7.90787e-05   0.000326055
156   207   85   0.242429   7.84175e-05   0.000323465
157   201   108   0.242308   7.76418e-05   0.000320426
158   175   93   0.242216   7.70505e-05   0.000318107
159   191   91   0.242133   7.65292e-05   0.000316062
160   167   112   0.242032   7.58934e-05   0.000313568
161   173   98   0.241976   7.55437e-05   0.000312195
162   162   97   0.241899   7.50669e-05   0.000310323
163   166   94   0.241832   7.46536e-05   0.0003087
164   194   113   0.241758   7.41959e-05   0.000306902
165   151   92   0.241673   7.36809e-05   0.000304878
166   157   92   0.241611   7.33058e-05   0.000303404
167   186   73   0.241543   7.28925e-05   0.000301779
168   165   90   0.241423   7.21741e-05   0.000298953
169   159   87   0.241343   7.16972e-05   0.000297076
170   152   86   0.241265   7.12395e-05   0.000295274
171   172   91   0.241194   7.08199e-05   0.000293622
172   149   75   0.241106   7.03049e-05   0.000291593
173   144   81   0.241025   6.98344e-05   0.000289739
174   151   97   0.240956   6.94338e-05   0.00028816
175   130   79   0.240896   6.90905e-05   0.000286806
176   137   73   0.240839   6.87663e-05   0.000285528
177   133   85   0.240768   6.83594e-05   0.000283923
178   128   64   0.240714   6.80542e-05   0.000282718
179   149   83   0.240641   6.76473e-05   0.000281113
180   147   85   0.240566   6.72277e-05   0.000279456
181   135   62   0.240495   6.68335e-05   0.0002779
182   147   68   0.240411   6.63694e-05   0.000276066
183   128   80   0.24032   6.58671e-05   0.000274081
184   127   60   0.240264   6.55619e-05   0.000272875
185   144   61   0.240186   6.5136e-05   0.00027119
186   118   83   0.240088   6.46083e-05   0.000269102
187   142   78   0.240047   6.43857e-05   0.000268222
188   142   71   0.23997   6.39788e-05   0.000266611
189   131   72   0.239886   6.35274e-05   0.000264824
190   114   73   0.239815   6.31523e-05   0.000263338
191   115   72   0.239765   6.28916e-05   0.000262305
192   123   80   0.239713   6.26183e-05   0.000261222
193   124   67   0.23966   6.23449e-05   0.000260138
194   133   69   0.239591   6.19825e-05   0.000258702
195   106   66   0.239512   6.15756e-05   0.000257088
196   132   64   0.239462   6.13213e-05   0.000256079
197   119   63   0.239377   6.08889e-05   0.000254364
198   101   60   0.239307   6.05329e-05   0.000252951
199   111   62   0.239255   6.02722e-05   0.000251916
200   118   64   0.239193   5.99607e-05   0.000250679
201   99   70   0.239125   5.96174e-05   0.000249315
202   94   56   0.239088   5.9433e-05   0.000248582
203   97   54   0.239039   5.91914e-05   0.000247622
204   106   56   0.238983   5.8918e-05   0.000246536
205   103   54   0.238919   5.86001e-05   0.000245272
206   94   61   0.238855   5.82886e-05   0.000244034
207   103   63   0.238812   5.80788e-05   0.000243199
208   104   57   0.238759   5.78245e-05   0.000242188
209   122   46   0.238697   5.75256e-05   0.000240999
210   123   52   0.238596   5.70424e-05   0.000239076
211   102   54   0.238501   5.6591e-05   0.000237278
212   109   42   0.238437   5.62859e-05   0.000236062
213   101   46   0.238346   5.58599e-05   0.000234364
214   84   61   0.238272   5.55102e-05   0.00023297
215   100   56   0.23824   5.5364e-05   0.000232387
216   104   59   0.23818   5.50842e-05   0.000231271
217   105   57   0.238119   5.47981e-05   0.00023013
218   85   57   0.238052   5.4493e-05   0.000228912
219   88   47   0.238014   5.43149e-05   0.000228201
220   102   49   0.237956   5.40543e-05   0.00022716
221   87   40   0.237882   5.37173e-05   0.000225815
222   96   43   0.237816   5.34185e-05   0.000224621
223   111   47   0.237741   5.30815e-05   0.000223274
224   88   48   0.237651   5.26746e-05   0.000221647
225   95   41   0.237594   5.24203e-05   0.00022063
226   85   33   0.237516   5.2077e-05   0.000219256
227   87   53   0.237442   5.17464e-05   0.000217933
228   81   46   0.237393   5.15302e-05   0.000217067
229   78   49   0.237342   5.13077e-05   0.000216176
230   85   48   0.2373   5.11233e-05   0.000215438
231   96   43   0.237246   5.08881e-05   0.000214495
232   94   59   0.237168   5.05511e-05   0.000213145
233   104   50   0.237116   5.03286e-05   0.000212253
234   84   42   0.237036   4.99852e-05   0.000210876
235   95   52   0.236974   4.97182e-05   0.000209805
236   96   45   0.236909   4.94448e-05   0.000208708
237   77   46   0.236833   4.91206e-05   0.000207406
238   82   51   0.236786   4.89235e-05   0.000206615
239   70   35   0.236739   4.87264e-05   0.000205823
240   74   43   0.236686   4.85039e-05   0.000204929
241   74   36   0.236639   4.83068e-05   0.000204137
242   65   46   0.236581   4.80652e-05   0.000203166
243   76   43   0.236551   4.79444e-05   0.000202681
244   84   49   0.2365   4.77346e-05   0.000201837
245   68   45   0.236446   4.75121e-05   0.000200942
246   76   33   0.23641   4.73658e-05   0.000200354
247   74   38   0.236343   4.70924e-05   0.000199255
248   76   50   0.236286   4.68636e-05   0.000198334
249   75   38   0.236245   4.66983e-05   0.000197668
250   79   36   0.236187   4.6463e-05   0.000196721
251   72   37   0.236119   4.61896e-05   0.00019562
252   71   26   0.236063   4.59671e-05   0.000194724
253   73   39   0.235991   4.5681e-05   0.000193571
254   69   44   0.235936   4.54648e-05   0.0001927
255   74   39   0.235896   4.53059e-05   0.000192059
256   73   39   0.235839   4.50834e-05   0.000191162
257   63   30   0.235783   4.48672e-05   0.00019029
258   71   30   0.23573   4.46574e-05   0.000189443
259   76   43   0.235662   4.43967e-05   0.000188391
260   74   35   0.235608   4.41869e-05   0.000187544
261   62   33   0.235543   4.3939e-05   0.000186543
262   53   38   0.235495   4.37546e-05   0.000185798
263   79   41   0.23547   4.36592e-05   0.000185413
264   57   25   0.235407   4.34176e-05   0.000184437
265   71   47   0.235353   4.32142e-05   0.000183614
266   68   30   0.235313   4.30616e-05   0.000182997
267   58   40   0.235248   4.282e-05   0.00018202
268   56   29   0.235218   4.27055e-05   0.000181557
269   63   43   0.235172   4.25339e-05   0.000180863
270   62   32   0.235138   4.24067e-05   0.000180348
271   62   43   0.235086   4.2216e-05   0.000179577
272   71   28   0.235053   4.20952e-05   0.000179088
273   61   39   0.234979   4.18218e-05   0.000177981
274   58   45   0.234941   4.16819e-05   0.000177415
275   59   28   0.234918   4.15993e-05   0.00017708
276   62   30   0.234864   4.14022e-05   0.000176281
277   62   27   0.234808   4.11987e-05   0.000175457
278   63   46   0.234746   4.09762e-05   0.000174555
279   52   26   0.234716   4.08681e-05   0.000174117
280   49   37   0.23467   4.07028e-05   0.000173447
281   59   35   0.234649   4.06265e-05   0.000173138
282   47   27   0.234606   4.04739e-05   0.000172519
283   64   32   0.23457   4.03468e-05   0.000172003
284   48   39   0.234512   4.01433e-05   0.000171178
285   50   32   0.234496   4.00861e-05   0.000170946
286   50   34   0.234464   3.99717e-05   0.000170481
287   61   30   0.234434   3.98699e-05   0.000170069
288   45   23   0.234378   3.96729e-05   0.000169269
289   58   24   0.234338   3.9533e-05   0.000168701
290   57   40   0.234275   3.93168e-05   0.000167823
291   45   33   0.234244   3.92087e-05   0.000167384
292   61   25   0.234222   3.91324e-05   0.000167074
293   53   21   0.234155   3.89036e-05   0.000166145
294   55   31   0.234095   3.87001e-05   0.000165318
295   58   23   0.23405   3.85475e-05   0.000164698
296   43   25   0.233985   3.8325e-05   0.000163793
297   47   28   0.233951   3.82106e-05   0.000163327
298   56   25   0.233915   3.80898e-05   0.000162836
299   55   35   0.233856   3.78927e-05   0.000162034
300   58   30   0.233818   3.77655e-05   0.000161517
301   46   24   0.233765   3.75875e-05   0.000160792
302   50   20   0.233723   3.74476e-05   0.000160222
303   60   34   0.233665   3.72569e-05   0.000159446
304   57   24   0.233615   3.70916e-05   0.000158772
305   35   29   0.233551   3.68818e-05   0.000157917
306   49   23   0.233539   3.68436e-05   0.000157762
307   54   33   0.233489   3.66783e-05   0.000157088
308   48   34   0.233448   3.65448e-05   0.000156544
309   65   32   0.233421   3.64558e-05   0.000156181
310   40   28   0.233356   3.6246e-05   0.000155325
311   49   16   0.233332   3.61697e-05   0.000155014
312   53   26   0.233267   3.59599e-05   0.000154158
313   37   23   0.233213   3.57882e-05   0.000153457
314   40   30   0.233185   3.56992e-05   0.000153094
315   47   27   0.233165   3.56356e-05   0.000152834
316   48   23   0.233125   3.55085e-05   0.000152315
317   59   21   0.233075   3.53495e-05   0.000151666
318   53   15   0.232999   3.51079e-05   0.000150679
319   43   30   0.232922   3.48663e-05   0.000149691
320   51   24   0.232895   3.47837e-05   0.000149353
321   39   28   0.23284   3.4612e-05   0.000148651
322   37   29   0.232818   3.45421e-05   0.000148365
323   49   22   0.232802   3.44912e-05   0.000148157
324   52   29   0.232746   3.43196e-05   0.000147455
325   47   16   0.232699   3.41733e-05   0.000146857
326   36   27   0.232635   3.39762e-05   0.00014605
327   44   27   0.232616   3.3919e-05   0.000145815
328   37   32   0.232581   3.38109e-05   0.000145373
329   45   20   0.23257   3.37791e-05   0.000145243
330   33   18   0.232518   3.36202e-05   0.000144592
331   39   15   0.232487   3.35248e-05   0.000144201
332   40   14   0.232436   3.33722e-05   0.000143576
333   36   16   0.232381   3.32069e-05   0.000142899
334   48   37   0.232339   3.30798e-05   0.000142377
335   47   17   0.232315   3.30098e-05   0.000142091
336   42   24   0.232252   3.28191e-05   0.000141308
337   34   23   0.232213   3.27047e-05   0.000140839
338   33   19   0.232189   3.26347e-05   0.000140552
339   42   13   0.232159   3.25457e-05   0.000140187
340   43   19   0.232097   3.23613e-05   0.00013943
341   38   25   0.232045   3.22088e-05   0.000138804
342   33   22   0.232017   3.21261e-05   0.000138465
343   35   17   0.231993   3.20562e-05   0.000138177
344   44   19   0.231954   3.19417e-05   0.000137707
345   41   17   0.231899   3.17828e-05   0.000137054
346   28   20   0.231846   3.16302e-05   0.000136427
347   35   20   0.231829   3.15793e-05   0.000136218
348   32   29   0.231796   3.1484e-05   0.000135826
349   34   24   0.231789   3.14649e-05   0.000135748
350   46   21   0.231767   3.14013e-05   0.000135487
351   41   21   0.231711   3.12424e-05   0.000134833
352   39   25   0.231667   3.11152e-05   0.00013431
353   48   18   0.231635   3.10262e-05   0.000133944
354   28   29   0.231568   3.08355e-05   0.00013316
355   35   29   0.23157   3.08418e-05   0.000133186
356   34   23   0.231557   3.08037e-05   0.000133029
357   41   16   0.231532   3.07337e-05   0.000132741
358   35   16   0.231475   3.05748e-05   0.000132087
359   41   19   0.231432   3.0454e-05   0.00013159
360   28   24   0.231382   3.03141e-05   0.000131014
361   31   17   0.231372   3.02887e-05   0.000130909
362   38   28   0.23134   3.01997e-05   0.000130542
363   37   22   0.231317   3.01361e-05   0.00013028
364   28   20   0.231283   3.00407e-05   0.000129888
365   38   13   0.231264   2.99899e-05   0.000129678
366   23   18   0.231206   2.98309e-05   0.000129023
367   27   26   0.231194   2.97991e-05   0.000128892
368   31   17   0.231192   2.97928e-05   0.000128866
369   36   21   0.231159   2.97038e-05   0.000128499
370   31   17   0.231124   2.96084e-05   0.000128106
371   35   19   0.231091   2.95194e-05   0.000127739
372   26   18   0.231053   2.94177e-05   0.00012732
373   21   18   0.231035   2.93668e-05   0.00012711
374   34   29   0.231027   2.93477e-05   0.000127031
375   25   19   0.231016   2.93159e-05   0.0001269
376   31   21   0.231001   2.92778e-05   0.000126743
377   32   21   0.230977   2.92142e-05   0.000126481
378   26   26   0.230951   2.91443e-05   0.000126193
379   29   16   0.230951   2.91443e-05   0.000126193
380   28   23   0.23092   2.90616e-05   0.000125852
381   27   18   0.230908   2.90298e-05   0.000125721
382   30   20   0.230886   2.89726e-05   0.000125485
383   25   15   0.230861   2.8909e-05   0.000125222
384   23   14   0.230837   2.88455e-05   0.00012496
385   28   23   0.230815   2.87882e-05   0.000124724
386   25   17   0.230803   2.87565e-05   0.000124593
387   31   16   0.230783   2.87056e-05   0.000124383
388   32   13   0.230746   2.86102e-05   0.00012399
389   32   18   0.2307   2.84894e-05   0.000123492
390   30   17   0.230665   2.84004e-05   0.000123124
391   35   15   0.230633   2.83178e-05   0.000122783
392   30   17   0.230583   2.81906e-05   0.000122258
393   26   13   0.230551   2.8108e-05   0.000121917
394   22   18   0.230518   2.80253e-05   0.000121575
395   34   19   0.230508   2.79999e-05   0.00012147
396   23   14   0.23047   2.79045e-05   0.000121076
397   24   14   0.230448   2.78473e-05   0.00012084
398   31   15   0.230422   2.77837e-05   0.000120577
399   28   12   0.230382   2.7682e-05   0.000120157
400   24   15   0.230341   2.75803e-05   0.000119736
401   24   19   0.230319   2.7523e-05   0.0001195
402   29   18   0.230306   2.74913e-05   0.000119368
403   19   22   0.230278   2.74213e-05   0.000119079
404   23   21   0.230285   2.74404e-05   0.000119158
405   19   12   0.23028   2.74277e-05   0.000119106
406   32   12   0.230262   2.73832e-05   0.000118922
407   27   12   0.230211   2.7256e-05   0.000118396
408   26   12   0.230172   2.71606e-05   0.000118002
409   43   18   0.230135   2.70716e-05   0.000117634
