1   0.185492   0.0135144   0.0728572
2   0.175378   0.00339997   0.0193866
3   0.173761   0.00259156   0.0149145
4   0.171937   0.00198354   0.0115365
5   0.170386   0.00159594   0.0093666
6   0.169048   0.00132833   0.00785767
7   0.167919   0.00114007   0.00678942
8   0.166934   0.000999422   0.00598692
9   0.166046   0.000888433   0.00535052
10   0.165249   0.000799875   0.00484042
11   0.164524   0.000727363   0.00442101
12   0.16387   0.000667872   0.00407563
13   0.163255   0.000616627   0.00377708
14   0.162672   0.00057179   0.00351499
15   0.162137   0.0005336   0.00329104
16   0.161635   0.000500102   0.00309403
17   0.161173   0.00047123   0.00292375
18   0.160729   0.000445113   0.00276934
19   0.160299   0.000421228   0.00262777
20   0.159889   0.000399632   0.00249944
21   0.159499   0.000380139   0.00238334
22   0.159141   0.000363097   0.00228161
23   0.158813   0.000348215   0.00219261
24   0.158472   0.000333385   0.00210375
25   0.158148   0.000319872   0.00202261
26   0.157838   0.000307474   0.00194804
27   0.157549   0.000296364   0.00188109
28   0.157254   0.00028543   0.00181509
29   0.156994   0.000276132   0.00175887
30   0.156713   0.000266457   0.00170028
31   0.156456   0.000257888   0.00164831
32   0.156179   0.000248961   0.00159407
33   0.155932   0.000241222   0.00154698
34   0.155691   0.000233936   0.00150257
35   0.155447   0.00022675   0.0014587
36   0.155203   0.000219793   0.00141616
37   0.154985   0.000213723   0.00137899
38   0.154743   0.000207195   0.00133896
39   0.154538   0.000201802   0.00130584
40   0.154345   0.000196853   0.0012754
41   0.154131   0.000191503   0.00124246
42   0.15393   0.000186596   0.00121221
43   0.153759   0.000182519   0.00118705
44   0.153572   0.000178175   0.0011602
45   0.1534   0.000174265   0.00113602
46   0.153228   0.000170436   0.0011123
47   0.153063   0.00016686   0.00109014
48   0.152914   0.000163684   0.00107043
49   0.152761   0.000160494   0.00105062
50   0.152607   0.000157351   0.00103109
51   0.152447   0.000154152   0.00101118
52   0.152296   0.0001512   0.000992803
53   0.152123   0.000147867   0.000972023
54   0.151946   0.000144529   0.000951188
55   0.151792   0.000141668   0.000933308
56   0.151646   0.000139022   0.000916752
57   0.15151   0.0001366   0.000901585
58   0.15137   0.00013413   0.000886106
59   0.151249   0.000132055   0.000873096
60   0.151102   0.000129557   0.000857412
61   0.150969   0.000127339   0.000843481
62   0.150829   0.000125051   0.000829087
63   0.15071   0.000123124   0.000816961
64   0.150568   0.000120878   0.000802813
65   0.150444   0.000118928   0.000790515
66   0.150309   0.000116854   0.000777425
67   0.150174   0.000114813   0.000764532
68   0.150076   0.000113344   0.000755247
69   0.14998   0.000111933   0.00074632
70   0.149865   0.000110278   0.000735847
71   0.149739   0.000108466   0.00072437
72   0.149605   0.000106587   0.000712458
73   0.149502   0.000105157   0.00070338
74   0.149379   0.000103464   0.00069263
75   0.149274   0.000102043   0.000683598
76   0.149156   0.000100474   0.00067362
77   0.149064   9.92632e-05   0.000665911
78   0.148957   9.78804e-05   0.000657103
79   0.148861   9.66406e-05   0.000649202
80   0.148756   9.5315e-05   0.000640747
81   0.14865   9.39941e-05   0.000632317
82   0.148561   9.28926e-05   0.000625283
83   0.148468   9.17578e-05   0.000618031
84   0.148366   9.05323e-05   0.000610195
85   0.148263   8.92973e-05   0.000602292
86   0.148183   8.83627e-05   0.000596308
87   0.148078   8.7142e-05   0.000588487
88   0.147979   8.60071e-05   0.00058121
89   0.147866   8.47149e-05   0.000572918
90   0.147777   8.37135e-05   0.000566487
91   0.147689   8.27408e-05   0.000560237
92   0.147609   8.18586e-05   0.000554565
93   0.147544   8.11529e-05   0.000550026
94   0.147448   8.01229e-05   0.000543398
95   0.1474   7.9608e-05   0.000540083
96   0.147335   7.89309e-05   0.000535723
97   0.147237   7.79057e-05   0.000529118
98   0.14714   7.69091e-05   0.000522693
99   0.147063   7.61175e-05   0.000517586
100   0.146995   7.54309e-05   0.000513154
101   0.146923   7.47108e-05   0.000508505
102   0.146841   7.39002e-05   0.000503268
103   0.146755   7.3061e-05   0.000497843
104   0.146672   7.22504e-05   0.000492599
105   0.146574   7.13158e-05   0.00048655
106   0.14651   7.07054e-05   0.000482597
107   0.146419   6.98471e-05   0.000477035
108   0.146352   6.92177e-05   0.000472953
109   0.146295   6.86884e-05   0.00046952
110   0.146244   6.82211e-05   0.000466488
111   0.146163   6.74868e-05   0.000461722
112   0.146103   6.69432e-05   0.000458192
113   0.146068   6.66285e-05   0.000456148
114   0.146008   6.60992e-05   0.00045271
115   0.145949   6.55794e-05   0.000449333
116   0.145889   6.50597e-05   0.000445954
117   0.145812   6.43969e-05   0.000441644
118   0.145735   6.37388e-05   0.000437362
119   0.145654   6.30522e-05   0.000432891
120   0.145572   6.23655e-05   0.000428417
121   0.1455   6.17647e-05   0.0004245
122   0.145415   6.1059e-05   0.000419896
123   0.14534   6.04486e-05   0.000415911
124   0.14527   5.98764e-05   0.000412174
125   0.14521   5.93948e-05   0.000409027
126   0.145142   5.88512e-05   0.000405473
127   0.145067   5.82552e-05   0.000401574
128   0.144986   5.7621e-05   0.000397423
129   0.144913   5.7044e-05   0.000393644
130   0.144871   5.67198e-05   0.00039152
131   0.144803   5.61953e-05   0.000388082
132   0.144745   5.57518e-05   0.000385174
133   0.144717   5.55468e-05   0.000383829
134   0.144666   5.51605e-05   0.000381295
135   0.144619   5.48077e-05   0.00037898
136   0.14456   5.4369e-05   0.000376101
137   0.144487   5.38349e-05   0.000372594
138   0.144433   5.34439e-05   0.000370025
139   0.144389   5.31197e-05   0.000367894
140   0.144338   5.27573e-05   0.000365511
141   0.14428   5.23376e-05   0.000362752
142   0.144224   5.19419e-05   0.000360148
143   0.144158   5.14793e-05   0.000357104
144   0.144103   5.10931e-05   0.00035456
145   0.144033   5.06115e-05   0.000351387
146   0.143984   5.02729e-05   0.000349156
147   0.143934   4.99249e-05   0.00034686
148   0.143905   4.97341e-05   0.000345603
149   0.143859   4.94194e-05   0.000343527
150   0.143786   4.89283e-05   0.000340286
151   0.143734   4.85802e-05   0.000337988
152   0.143686   4.82655e-05   0.000335909
153   0.143629   4.78935e-05   0.000333452
154   0.143584   4.75979e-05   0.000331498
155   0.143516   4.71544e-05   0.000328566
156   0.143452   4.67396e-05   0.000325821
157   0.143424   4.65631e-05   0.000324654
158   0.143382   4.62961e-05   0.000322886
159   0.14333   4.59671e-05   0.000320708
160   0.143293   4.57335e-05   0.00031916
161   0.143249   4.54569e-05   0.000317328
162   0.1432   4.51517e-05   0.000315306
163   0.143169   4.4961e-05   0.000314042
164   0.14313   4.47226e-05   0.000312461
165   0.143079   4.44126e-05   0.000310406
166   0.143036   4.41504e-05   0.000308666
167   0.143   4.39358e-05   0.000307243
168   0.142968   4.3745e-05   0.000305977
169   0.14291   4.33969e-05   0.000303667
170   0.142882   4.32348e-05   0.00030259
171   0.142839   4.29773e-05   0.00030088
172   0.142834   4.29487e-05   0.00030069
173   0.142787   4.26769e-05   0.000298885
174   0.142728   4.23384e-05   0.000296636
175   0.142703   4.21906e-05   0.000295653
176   0.142669   4.19998e-05   0.000294386
177   0.142658   4.19378e-05   0.000293974
178   0.142606   4.16422e-05   0.000292008
179   0.142505   4.10748e-05   0.000288233
180   0.142469   4.08745e-05   0.0002869
181   0.142424   4.06218e-05   0.000285217
182   0.142382   4.03881e-05   0.000283661
183   0.142336   4.01354e-05   0.000281977
184   0.142275   3.98064e-05   0.000279784
185   0.142231   3.95679e-05   0.000278194
186   0.142195   3.93724e-05   0.00027689
187   0.142163   3.92008e-05   0.000275745
188   0.142128   3.901e-05   0.000274472
189   0.142094   3.88288e-05   0.000273262
190   0.142045   3.85714e-05   0.000271543
191   0.141998   3.83234e-05   0.000269887
192   0.14193   3.79705e-05   0.000267529
193   0.141896   3.77893e-05   0.000266318
194   0.14187   3.76558e-05   0.000265425
195   0.141815   3.73745e-05   0.000263543
196   0.141773   3.71552e-05   0.000262076
197   0.14173   3.69406e-05   0.00026064
198   0.141655   3.65591e-05   0.000258085
199   0.141609   3.63255e-05   0.000256519
200   0.141586   3.6211e-05   0.000255752
201   0.141563   3.60966e-05   0.000254985
202   0.141512   3.58391e-05   0.000253259
203   0.141515   3.58582e-05   0.000253387
204   0.141489   3.57294e-05   0.000252524
205   0.141434   3.54576e-05   0.000250701
206   0.141408   3.53289e-05   0.000249837
207   0.141381   3.52001e-05   0.000248973
208   0.141326   3.49331e-05   0.000247181
209   0.141256   3.45993e-05   0.00024494
210   0.14121   3.438e-05   0.000243466
211   0.141173   3.42035e-05   0.00024228
212   0.14113   3.39985e-05   0.000240902
213   0.141099   3.38507e-05   0.000239908
214   0.141051   3.36266e-05   0.0002384
215   0.141012   3.34454e-05   0.00023718
216   0.140982   3.33023e-05   0.000236218
217   0.140953   3.31688e-05   0.000235319
218   0.140946   3.31402e-05   0.000235126
219   0.140898   3.29161e-05   0.000233617
220   0.140868   3.27826e-05   0.000232718
221   0.140818   3.25537e-05   0.000231175
222   0.140793   3.24392e-05   0.000230404
223   0.140751   3.22533e-05   0.000229151
224   0.140699   3.20196e-05   0.000227575
225   0.140664   3.18623e-05   0.000226513
226   0.140652   3.18098e-05   0.000226159
227   0.140607   3.16095e-05   0.000224808
228   0.140581   3.14951e-05   0.000224035
229   0.140553   3.13711e-05   0.000223198
230   0.140531   3.12757e-05   0.000222554
231   0.140521   3.12328e-05   0.000222264
232   0.140481   3.10612e-05   0.000221105
233   0.140456   3.09515e-05   0.000220364
234   0.140427   3.08275e-05   0.000219527
235   0.140386   3.06511e-05   0.000218335
236   0.140361   3.05462e-05   0.000217626
237   0.140323   3.03841e-05   0.00021653
238   0.1403   3.02887e-05   0.000215885
239   0.140276   3.01886e-05   0.000215208
240   0.140222   2.99597e-05   0.000213659
241   0.14019   2.98262e-05   0.000212756
242   0.140137   2.96068e-05   0.000211271
243   0.140094   2.94304e-05   0.000210076
244   0.140065   2.93112e-05   0.000209268
245   0.140055   2.92683e-05   0.000208977
246   0.140021   2.913e-05   0.00020804
247   0.13998   2.89631e-05   0.000206909
248   0.139929   2.8758e-05   0.000205519
249   0.139916   2.87056e-05   0.000205163
250   0.139884   2.85769e-05   0.00020429
251   0.139846   2.84243e-05   0.000203254
252   0.139814   2.82955e-05   0.00020238
253   0.139788   2.81954e-05   0.0002017
254   0.139773   2.81334e-05   0.00020128
255   0.139751   2.80476e-05   0.000200697
256   0.139718   2.79188e-05   0.000199823
257   0.139685   2.77901e-05   0.000198948
258   0.139668   2.77233e-05   0.000198494
259   0.139615   2.75183e-05   0.000197101
260   0.139584   2.73991e-05   0.000196291
261   0.139543   2.72417e-05   0.000195221
262   0.139508   2.71082e-05   0.000194312
263   0.139448   2.68793e-05   0.000192754
264   0.139391   2.666e-05   0.000191261
265   0.139362   2.65503e-05   0.000190513
266   0.139325   2.6412e-05   0.000189571
267   0.139299   2.63119e-05   0.000188888
268   0.139277   2.62308e-05   0.000188336
269   0.139265   2.61879e-05   0.000188043
270   0.139214   2.59972e-05   0.000186742
271   0.139184   2.58875e-05   0.000185994
272   0.139148   2.5754e-05   0.000185083
273   0.139108   2.56062e-05   0.000184074
274   0.1391   2.55775e-05   0.000183878
275   0.139083   2.55156e-05   0.000183455
276   0.139061   2.54345e-05   0.000182902
277   0.139032   2.53296e-05   0.000182185
278   0.138981   2.51436e-05   0.000180915
279   0.138958   2.50626e-05   0.000180361
280   0.138925   2.49434e-05   0.000179546
281   0.138898   2.4848e-05   0.000178894
282   0.138865   2.47288e-05   0.000178078
283   0.13884   2.46429e-05   0.000177491
284   0.138819   2.45667e-05   0.000176969
285   0.13882   2.45714e-05   0.000177002
286   0.138815   2.45523e-05   0.000176871
287   0.138783   2.44427e-05   0.000176121
288   0.138776   2.44188e-05   0.000175958
289   0.138742   2.42996e-05   0.000175142
290   0.138701   2.41566e-05   0.000174163
291   0.138657   2.4004e-05   0.000173118
292   0.138626   2.38991e-05   0.0001724
293   0.138605   2.38276e-05   0.00017191
294   0.138546   2.36273e-05   0.000170537
295   0.138506   2.3489e-05   0.000169589
296   0.138483   2.34127e-05   0.000169065
297   0.138434   2.32458e-05   0.00016792
298   0.138421   2.32029e-05   0.000167625
299   0.138407   2.31552e-05   0.000167298
300   0.138358   2.29931e-05   0.000166185
301   0.138333   2.29073e-05   0.000165595
302   0.138327   2.28882e-05   0.000165464
303   0.138304   2.28119e-05   0.00016494
304   0.138262   2.26736e-05   0.00016399
305   0.13823   2.25687e-05   0.000163269
306   0.138218   2.25306e-05   0.000163007
307   0.138198   2.24638e-05   0.000162548
308   0.138178   2.2397e-05   0.000162089
309   0.138126   2.22301e-05   0.000160941
310   0.13812   2.22111e-05   0.00016081
311   0.138103   2.21539e-05   0.000160416
312   0.138092   2.21205e-05   0.000160186
313   0.138042   2.19584e-05   0.000159071
314   0.138021   2.18916e-05   0.000158611
315   0.138001   2.18296e-05   0.000158184
316   0.137991   2.17962e-05   0.000157954
317   0.137979   2.17581e-05   0.000157692
318   0.137953   2.1677e-05   0.000157133
319   0.137926   2.15912e-05   0.000156542
320   0.137882   2.14529e-05   0.000155589
321   0.137866   2.14052e-05   0.000155261
322   0.137852   2.13623e-05   0.000154965
323   0.137839   2.13194e-05   0.000154669
324   0.137816   2.12479e-05   0.000154176
325   0.137771   2.11096e-05   0.000153223
326   0.137755   2.10619e-05   0.000152894
327   0.137733   2.09951e-05   0.000152433
328   0.137698   2.08855e-05   0.000151676
329   0.137685   2.08473e-05   0.000151413
330   0.137652   2.07472e-05   0.000150722
331   0.137627   2.06709e-05   0.000150195
332   0.137613   2.0628e-05   0.000149899
333   0.137587   2.05517e-05   0.000149372
334   0.137578   2.05231e-05   0.000149174
335   0.137567   2.04897e-05   0.000148944
336   0.137548   2.04325e-05   0.000148548
337   0.137541   2.04134e-05   0.000148417
338   0.13752   2.03514e-05   0.000147988
339   0.13749   2.02608e-05   0.000147362
340   0.137465   2.01893e-05   0.000146868
341   0.137448   2.01368e-05   0.000146506
342   0.137438   2.01082e-05   0.000146308
343   0.137397   1.9989e-05   0.000145484
344   0.137369   1.9908e-05   0.000144923
345   0.137327   1.9784e-05   0.000144065
346   0.137292   1.96838e-05   0.000143372
347   0.137281   1.96505e-05   0.000143141
348   0.137279   1.96457e-05   0.000143108
349   0.137259   1.95885e-05   0.000142712
350   0.137224   1.94883e-05   0.000142018
351   0.137201   1.94216e-05   0.000141556
352   0.137204   1.94311e-05   0.000141622
353   0.137196   1.94073e-05   0.000141457
354   0.137179   1.93596e-05   0.000141127
355   0.137159   1.93024e-05   0.00014073
356   0.137148   1.92738e-05   0.000140532
357   0.137131   1.92261e-05   0.000140202
358   0.137114   1.91784e-05   0.000139871
359   0.137116   1.91832e-05   0.000139905
360   0.137099   1.91355e-05   0.000139574
361   0.137077   1.90735e-05   0.000139145
362   0.137025   1.89304e-05   0.000138153
363   0.13699   1.88351e-05   0.000137492
364   0.136989   1.88303e-05   0.000137459
365   0.136973   1.87874e-05   0.000137161
366   0.136968   1.87731e-05   0.000137062
367   0.136968   1.87731e-05   0.000137062
368   0.136945   1.87111e-05   0.000136632
369   0.136921   1.86443e-05   0.000136169
370   0.136892   1.8568e-05   0.00013564
371   0.136855   1.84679e-05   0.000134945
372   0.136831   1.84011e-05   0.000134481
373   0.136786   1.82819e-05   0.000133653
374   0.136744   1.81675e-05   0.000132858
375   0.136722   1.81103e-05   0.00013246
376   0.136719   1.81007e-05   0.000132394
377   0.136697   1.80435e-05   0.000131996
378   0.136686   1.80149e-05   0.000131797
379   0.136679   1.79958e-05   0.000131665
380   0.136663   1.79529e-05   0.000131367
381   0.136656   1.79338e-05   0.000131234
382   0.13663   1.78671e-05   0.00013077
383   0.136603   1.77956e-05   0.000130272
384   0.136585   1.77479e-05   0.000129941
385   0.13659   1.77622e-05   0.00013004
386   0.136555   1.76716e-05   0.00012941
387   0.136535   1.76191e-05   0.000129045
388   0.136507   1.75476e-05   0.000128547
389   0.136494   1.75142e-05   0.000128315
390   0.136478   1.74713e-05   0.000128016
391   0.136476   1.74665e-05   0.000127983
392   0.136463   1.74332e-05   0.00012775
393   0.136435   1.73616e-05   0.000127252
394   0.136407   1.72901e-05   0.000126754
395   0.136384   1.72329e-05   0.000126356
396   0.136358   1.71661e-05   0.000125891
397   0.136327   1.70898e-05   0.000125359
398   0.136326   1.70851e-05   0.000125326
399   0.136326   1.70851e-05   0.000125326
400   0.136303   1.70279e-05   0.000124927
401   0.13628   1.69706e-05   0.000124528
402   0.136274   1.69563e-05   0.000124428
403   0.136274   1.69563e-05   0.000124428
404   0.136255   1.69086e-05   0.000124096
405   0.136228   1.68419e-05   0.00012363
406   0.136209   1.67942e-05   0.000123298
407   0.136162   1.66798e-05   0.000122499
408   0.136145   1.66368e-05   0.0001222
409   0.136145   1.66368e-05   0.0001222
