1   0.185493   0.0134646   0.0725882
2   0.165265   0.00335026   0.0202721
3   0.162054   0.00254769   0.0157212
4   0.158487   0.00195317   0.0123238
5   0.15537   0.00156355   0.0100634
6   0.152783   0.00130477   0.00854004
7   0.150573   0.00112062   0.00744235
8   0.14859   0.000978994   0.00658856
9   0.146988   0.000878859   0.00597913
10   0.145403   0.000790787   0.0054386
11   0.1439   0.000715685   0.00497347
12   0.142412   0.000648022   0.00455033
13   0.141177   0.000596571   0.00422569
14   0.140017   0.000551939   0.00394195
15   0.139006   0.000515842   0.00371094
16   0.137909   0.000479269   0.00347526
17   0.136874   0.000446939   0.00326533
18   0.136028   0.000422049   0.00310266
19   0.13534   0.000402927   0.00297716
20   0.134495   0.000380707   0.00283064
21   0.133725   0.000361443   0.00270289
22   0.133022   0.000344706   0.00259135
23   0.132283   0.000327921   0.00247893
24   0.131649   0.00031414   0.00238619
25   0.131068   0.000302029   0.00230437
26   0.130455   0.000289774   0.00222125
27   0.130061   0.000282192   0.00216969
28   0.129445   0.000270796   0.00209197
29   0.128855   0.000260258   0.00201977
30   0.12833   0.000251198   0.00195744
31   0.127829   0.000242853   0.00189983
32   0.127294   0.000234222   0.00184001
33   0.1268   0.000226498   0.00178626
34   0.126189   0.000217247   0.0017216
35   0.125845   0.000212193   0.00168614
36   0.125428   0.000206232   0.00164422
37   0.124924   0.000199223   0.00159476
38   0.124352   0.000191498   0.00153997
39   0.123877   0.000185251   0.00149544
40   0.123643   0.000182247   0.00147398
41   0.123341   0.00017848   0.00144704
42   0.122947   0.000173664   0.00141252
43   0.122554   0.000168991   0.00137891
44   0.122263   0.000165606   0.0013545
45   0.12191   0.0001616   0.00132556
46   0.121636   0.000158548   0.00130347
47   0.121579   0.000157928   0.00129898
48   0.121202   0.000153923   0.00126997
49   0.120978   0.000151587   0.00125301
50   0.120712   0.000148869   0.00123326
51   0.120497   0.000146723   0.00121765
52   0.120259   0.000144386   0.00120063
53   0.12012   0.000143051   0.0011909
54   0.119832   0.000140333   0.00117109
55   0.119693   0.000139046   0.00116169
56   0.119294   0.000135422   0.00113519
57   0.119123   0.000133896   0.00112401
58   0.118797   0.000131035   0.00110302
59   0.11857   0.00012908   0.00108864
60   0.118339   0.000127125   0.00107424
61   0.118208   0.000126028   0.00106616
62   0.117806   0.000122738   0.00104186
63   0.117777   0.000122499   0.0010401
64   0.117585   0.000120974   0.00102882
65   0.117225   0.00011816   0.00100798
66   0.117101   0.000117207   0.00100091
67   0.116817   0.000115061   0.000984964
68   0.116408   0.000112009   0.000962208
69   0.116117   0.000109863   0.000946147
70   0.115768   0.000107336   0.000927167
71   0.115547   0.000105762   0.000915316
72   0.115595   0.000106096   0.000917829
73   0.115451   0.000105095   0.000910301
74   0.115089   0.000102615   0.00089162
75   0.11487   0.000101137   0.00088045
76   0.11462   9.94682e-05   0.000867812
77   0.114395   9.799e-05   0.000856595
78   0.114204   9.67503e-05   0.000847171
79   0.113958   9.51767e-05   0.000835188
80   0.113966   9.52244e-05   0.000835551
81   0.113821   9.43184e-05   0.000828655
82   0.113566   9.27448e-05   0.000816659
83   0.113292   9.10759e-05   0.000803901
84   0.113205   9.05514e-05   0.000799886
85   0.112933   8.89301e-05   0.000787459
86   0.112803   8.81672e-05   0.000781601
87   0.11277   8.79765e-05   0.000780137
88   0.112613   8.70705e-05   0.000773184
89   0.112344   8.55446e-05   0.00076145
90   0.112251   8.50201e-05   0.000757411
91   0.112199   8.4734e-05   0.000755209
92   0.112121   8.43048e-05   0.000751907
93   0.111928   8.32558e-05   0.000743831
94   0.111884   8.30173e-05   0.000741995
95   0.111696   8.2016e-05   0.000734281
96   0.11156   8.13007e-05   0.000728764
97   0.111541   8.12054e-05   0.000728029
98   0.111412   8.05378e-05   0.000722883
99   0.111272   7.98225e-05   0.000717366
100   0.111177   7.93457e-05   0.000713686
101   0.110977   7.83443e-05   0.000705951
102   0.11089   7.79152e-05   0.000702633
103   0.110735   7.71523e-05   0.00069673
104   0.110558   7.62939e-05   0.000690081
105   0.110399   7.5531e-05   0.000684162
106   0.110239   7.47681e-05   0.000678236
107   0.109986   7.3576e-05   0.000668956
108   0.109741   7.24316e-05   0.00066002
109   0.109628   7.1907e-05   0.000655918
110   0.109628   7.1907e-05   0.000655918
111   0.109565   7.16209e-05   0.000653684
112   0.109491   7.12872e-05   0.000651077
113   0.10932   7.05242e-05   0.000645116
114   0.109277   7.03335e-05   0.000643625
115   0.109212   7.00474e-05   0.00064139
116   0.10919   6.9952e-05   0.000640645
117   0.109112   6.96182e-05   0.000638041
118   0.109001   6.91414e-05   0.00063432
119   0.108978   6.9046e-05   0.000633575
120   0.108854   6.85215e-05   0.000629483
121   0.108911   6.87599e-05   0.000631342
122   0.10883   6.84261e-05   0.000628743
123   0.108621   6.75678e-05   0.000622054
124   0.108503   6.7091e-05   0.000618332
125   0.108409   6.67095e-05   0.000615352
126   0.108266   6.61373e-05   0.00061088
127   0.108133   6.56128e-05   0.000606776
128   0.108024   6.51836e-05   0.000603416
129   0.10778   6.423e-05   0.000595934
130   0.107657   6.37531e-05   0.000592186
131   0.107546   6.3324e-05   0.00058881
132   0.107283   6.23226e-05   0.000580916
133   0.107321   6.24657e-05   0.000582045
134   0.107283   6.23226e-05   0.000580918
135   0.107117   6.17027e-05   0.000576032
136   0.106859   6.07491e-05   0.000568495
137   0.106561   5.96523e-05   0.000559795
138   0.106313   5.87463e-05   0.00055258
139   0.106234   5.84602e-05   0.000550297
140   0.106141   5.81264e-05   0.000547634
141   0.106088   5.79357e-05   0.000546112
142   0.106074   5.7888e-05   0.000545731
143   0.106034   5.7745e-05   0.000544591
144   0.105952   5.74589e-05   0.000542312
145   0.105842   5.70774e-05   0.00053927
146   0.105745   5.67436e-05   0.000536607
147   0.105717   5.66483e-05   0.000535847
148   0.105591   5.62191e-05   0.000532423
149   0.10545   5.57423e-05   0.000528613
150   0.105422   5.56469e-05   0.000527851
151   0.105307   5.52654e-05   0.000524802
152   0.10512   5.46455e-05   0.00051984
153   0.104946   5.40733e-05   0.000515249
154   0.104756   5.34534e-05   0.000510265
155   0.104609   5.29766e-05   0.000506423
156   0.104654   5.31197e-05   0.000507575
157   0.10455   5.27859e-05   0.000504888
158   0.10446   5.24998e-05   0.000502584
159   0.104309   5.20229e-05   0.000498738
160   0.104051   5.12123e-05   0.000492183
161   0.104051   5.12123e-05   0.000492183
162   0.103944   5.08785e-05   0.000489481
163   0.103635   4.99249e-05   0.000481738
164   0.103619   4.98772e-05   0.00048135
165   0.103744   5.02586e-05   0.000484447
166   0.10365   4.99725e-05   0.000482128
167   0.103539   4.96387e-05   0.00047942
168   0.103491   4.94957e-05   0.000478259
169   0.103363   4.91142e-05   0.000475162
170   0.10325   4.87804e-05   0.000472448
171   0.103218   4.86851e-05   0.000471672
172   0.102973   4.79698e-05   0.000465847
173   0.102826   4.75407e-05   0.000462342
174   0.102776   4.73976e-05   0.000461173
175   0.102594   4.68731e-05   0.000456881
176   0.10261   4.69208e-05   0.000457271
177   0.102443   4.64439e-05   0.000453366
178   0.102375   4.62532e-05   0.000451802
179   0.102392   4.63009e-05   0.000452192
180   0.102375   4.62532e-05   0.000451802
181   0.102255   4.59194e-05   0.000449069
182   0.102117   4.55379e-05   0.00044594
183   0.102117   4.55379e-05   0.00044594
184   0.102029   4.52995e-05   0.000443985
185   0.101907   4.49657e-05   0.000441245
186   0.10173   4.44889e-05   0.000437323
187   0.101553   4.40121e-05   0.000433391
188   0.101553   4.40121e-05   0.000433391
189   0.101463   4.37737e-05   0.000431424
190   0.101301   4.33445e-05   0.000427879
191   0.101265   4.32491e-05   0.00042709
192   0.101192   4.30584e-05   0.000425513
193   0.101173   4.30107e-05   0.000425118
194   0.101173   4.30107e-05   0.000425118
195   0.101007   4.25816e-05   0.00042157
196   0.100914   4.23431e-05   0.000419596
197   0.100895   4.22955e-05   0.000419201
198   0.100707   4.18186e-05   0.000415249
199   0.100707   4.18186e-05   0.000415249
200   0.100651   4.16756e-05   0.000414062
201   0.100364   4.09603e-05   0.000408116
202   0.100269   4.07219e-05   0.000406128
203   0.100346   4.09126e-05   0.000407717
204   0.100133   4.03881e-05   0.000403346
