1   0.185493   0.0135046   0.0728034
2   0.175392   0.00340271   0.0194006
3   0.173768   0.00259085   0.0149098
4   0.171936   0.00198035   0.0115179
5   0.170408   0.00159817   0.00937849
6   0.169073   0.00133123   0.00787372
7   0.167945   0.00114331   0.00680764
8   0.166911   0.000995588   0.00596477
9   0.16601   0.000882864   0.00531815
10   0.165178   0.000790501   0.00478574
11   0.164491   0.000721741   0.00438773
12   0.163809   0.000659752   0.00402757
13   0.163168   0.000606346   0.00371608
14   0.16264   0.000565767   0.00347864
15   0.162148   0.000530577   0.00327218
16   0.161649   0.000497341   0.00307667
17   0.161205   0.000469589   0.00291299
18   0.160751   0.000442886   0.0027551
19   0.160362   0.000421238   0.0026268
20   0.15997   0.000400639   0.00250446
21   0.159544   0.000379324   0.00237755
22   0.15914   0.000360107   0.00226283
23   0.15873   0.000341463   0.00215122
24   0.158383   0.000326347   0.0020605
25   0.158118   0.000315332   0.00199428
26   0.15779   0.000302219   0.00191532
27   0.157493   0.000290775   0.00184628
28   0.157136   0.000277567   0.00176641
29   0.156862   0.000267792   0.00170718
30   0.156665   0.000260973   0.00166581
31   0.15635   0.000250483   0.00160206
32   0.156056   0.000240993   0.00154428
33   0.155897   0.000236034   0.00151404
34   0.155642   0.00022831   0.00146689
35   0.155419   0.000221729   0.00142666
36   0.155143   0.000213861   0.00137848
37   0.154923   0.000207758   0.00134104
38   0.154687   0.000201368   0.00130178
39   0.1545   0.000196457   0.00127156
40   0.154257   0.00019021   0.00123308
41   0.154041   0.000184822   0.00119982
42   0.153748   0.00017767   0.00115559
43   0.153512   0.000172043   0.00112072
44   0.153344   0.000168133   0.00109645
45   0.153127   0.000163221   0.00106592
46   0.152958   0.000159454   0.00104247
47   0.152826   0.000156593   0.00102465
48   0.152652   0.000152874   0.00100146
49   0.152446   0.000148582   0.000974659
50   0.152373   0.000147104   0.000965422
51   0.152251   0.000144672   0.00095022
52   0.152159   0.00014286   0.000938889
53   0.152062   0.000141001   0.000927256
54   0.151878   0.00013752   0.000905463
55   0.151674   0.000133753   0.000881841
56   0.151546   0.000131416   0.000867171
57   0.151436   0.000129461   0.000854888
58   0.151227   0.00012579   0.000831793
59   0.151117   0.000123882   0.00081978
60   0.150979   0.000121546   0.000805053
61   0.150959   0.000121212   0.000802948
62   0.15079   0.000118446   0.000785505
63   0.150663   0.000116396   0.000772559
64   0.150507   0.000113916   0.000756886
65   0.150455   0.000113106   0.000751759
66   0.150387   0.000112057   0.000745125
67   0.150314   0.00011096   0.000738187
68   0.150129   0.000108194   0.000720676
69   0.14996   0.000105715   0.000704952
70   0.149908   0.000104952   0.00070011
71   0.149808   0.000103521   0.000691029
72   0.14973   0.000102425   0.000684064
73   0.149685   0.000101805   0.000680126
74   0.149629   0.000101042   0.000675281
75   0.149506   9.93729e-05   0.000664676
76   0.149427   9.83238e-05   0.000658005
77   0.149369   9.75609e-05   0.000653153
78   0.149277   9.63688e-05   0.000645569
79   0.149233   9.57966e-05   0.000641927
80   0.149191   9.52721e-05   0.00063859
81   0.149065   9.36985e-05   0.000628573
82   0.149015   9.30786e-05   0.000624625
83   0.148933   9.20773e-05   0.000618246
84   0.148783   9.02653e-05   0.000606692
85   0.148679   8.90255e-05   0.000598778
86   0.148561   8.76427e-05   0.000589944
87   0.148528   8.72612e-05   0.000587506
88   0.148391   8.56876e-05   0.000577444
89   0.148295   8.45909e-05   0.000570424
90   0.148278   8.44002e-05   0.000569203
91   0.148205   8.35896e-05   0.000564014
92   0.148075   8.2159e-05   0.000554849
93   0.147974   8.10623e-05   0.000547815
94   0.147881   8.0061e-05   0.000541389
95   0.147836   7.95841e-05   0.000538328
96   0.147763   7.88212e-05   0.000533429
97   0.147681   7.79629e-05   0.000527914
98   0.147551   7.66277e-05   0.000519329
99   0.1475   7.61032e-05   0.000515954
100   0.147311   7.41959e-05   0.000503667
101   0.147235   7.34329e-05   0.000498747
102   0.147143   7.25269e-05   0.0004929
103   0.147056   7.16686e-05   0.000487356
104   0.146982   7.09534e-05   0.000482734
105   0.146957   7.0715e-05   0.000481194
106   0.146847   6.96659e-05   0.000474411
107   0.146761   6.88553e-05   0.000469165
108   0.146721   6.84738e-05   0.000466696
109   0.146695   6.82354e-05   0.000465152
110   0.146643   6.77586e-05   0.000462065
111   0.14659   6.72817e-05   0.000458978
112   0.146437   6.58989e-05   0.000450016
113   0.146357   6.51836e-05   0.000445375
114   0.146297   6.46591e-05   0.00044197
115   0.1462   6.38008e-05   0.000436395
116   0.14609   6.28471e-05   0.000430195
117   0.146057   6.2561e-05   0.000428334
118   0.145945   6.16074e-05   0.000422127
119   0.14599   6.19888e-05   0.00042461
120   0.145928   6.14643e-05   0.000421197
121   0.145905   6.12736e-05   0.000419956
122   0.145766   6.01292e-05   0.000412504
123   0.145737   5.98907e-05   0.00041095
124   0.145679   5.94139e-05   0.000407842
125   0.145625   5.89848e-05   0.000405044
126   0.145637   5.90801e-05   0.000405666
127   0.145565   5.85079e-05   0.000401936
128   0.14548   5.78403e-05   0.000397581
129   0.145419   5.73635e-05   0.000394469
130   0.145352   5.6839e-05   0.000391044
131   0.145302   5.64575e-05   0.000388552
132   0.145271   5.62191e-05   0.000386995
133   0.145195   5.56469e-05   0.000383255
134   0.145138   5.52177e-05   0.000380449
135   0.145011   5.42641e-05   0.000374208
136   0.144978   5.40257e-05   0.000372646
137   0.144991   5.4121e-05   0.000373271
138   0.145011   5.42641e-05   0.000374207
139   0.144952   5.38349e-05   0.000371399
140   0.144892   5.34058e-05   0.00036859
141   0.144845   5.3072e-05   0.000366404
142   0.144792   5.26905e-05   0.000363906
143   0.144805   5.27859e-05   0.00036453
144   0.144744   5.23567e-05   0.00036172
145   0.144634   5.15938e-05   0.00035672
146   0.144544   5.09739e-05   0.000352653
147   0.144502   5.06878e-05   0.000350775
148   0.144425   5.01633e-05   0.000347331
149   0.144347   4.96387e-05   0.000343884
150   0.144269   4.91142e-05   0.000340434
151   0.144241   4.89235e-05   0.000339179
152   0.144147   4.83036e-05   0.000335099
153   0.144183   4.8542e-05   0.000336669
154   0.144191   4.85897e-05   0.000336982
155   0.144139   4.82559e-05   0.000334787
156   0.144102   4.80175e-05   0.000333218
157   0.144139   4.82559e-05   0.000334786
158   0.144102   4.80175e-05   0.000333219
159   0.144095   4.79698e-05   0.000332905
160   0.144057   4.77314e-05   0.000331338
161   0.143988   4.73022e-05   0.000328515
162   0.143965   4.71592e-05   0.000327574
163   0.143934   4.69685e-05   0.000326319
164   0.143856   4.64916e-05   0.000323181
165   0.143825   4.63009e-05   0.000321925
166   0.143809   4.62055e-05   0.000321297
167   0.143754   4.58717e-05   0.000319099
168   0.143722   4.5681e-05   0.000317843
169   0.14373   4.57287e-05   0.000318157
170   0.143786   4.60625e-05   0.000320353
171   0.143665   4.53472e-05   0.000315646
172   0.143616   4.50611e-05   0.000313761
173   0.14355   4.46796e-05   0.000311247
174   0.143476   4.42505e-05   0.000308417
175   0.143435   4.40121e-05   0.000306844
176   0.143368   4.36306e-05   0.000304326
177   0.143343   4.34875e-05   0.000303382
178   0.143292   4.32014e-05   0.000301492
179   0.143267   4.30584e-05   0.000300547
180   0.143241   4.29153e-05   0.000299603
181   0.143198   4.26769e-05   0.000298027
182   0.143163   4.24862e-05   0.000296767
183   0.143216   4.27723e-05   0.000298657
184   0.143216   4.27723e-05   0.000298657
185   0.143119   4.22478e-05   0.000295193
186   0.143093   4.21047e-05   0.000294248
187   0.143093   4.21047e-05   0.000294248
188   0.143093   4.21047e-05   0.000294248
189   0.143048   4.18663e-05   0.000292674
190   0.143057   4.1914e-05   0.000292988
191   0.142975   4.14848e-05   0.000290154
192   0.142975   4.14848e-05   0.000290154
193   0.14282   4.06742e-05   0.000284794
194   0.142764   4.03881e-05   0.0002829
195   0.142727   4.01974e-05   0.000281637
196   0.142606   3.95775e-05   0.000277529
197   0.142597   3.95298e-05   0.000277213
198   0.142503   3.9053e-05   0.00027405
199   0.14238   3.84331e-05   0.000269932
200   0.142371   3.83854e-05   0.000269615
201   0.142342   3.82423e-05   0.000268664
202   0.142266   3.78609e-05   0.000266128
203   0.142275   3.79086e-05   0.000266445
204   0.142237   3.77178e-05   0.000265177
